90 0.23120000000000004
188 0.3397028433920001
239 0.30314228465336335
335 0.25053366383521414
355 0.2603415448545371
407 0.313294870965523
440 0.2604069739343478
483 0.2604069739343478
546 0.19029015721880713
617 0.19355427871745878
670 0.2038747383791736
694 0.1630997907033389
706 0.1043838660501369
732 0.1043838660501369
748 0.06680567427208763
753 0.06680567427208763
778 0.1982045052273089
782 0.1982045052273089
822 0.15856360418184712
833 0.15856360418184712
841 0.15856360418184712
863 0.15856360418184712
885 0.15856360418184712
887 0.1268508833454777
888 0.10148070667638216
889 0.18118456534110575
891 0.14494765227288461
959 0.17276649745464617
966 0.17276649745464617
1099 0.0641483267628804
1134 0.03284394330259477
1153 0.021020123713660657
1179 0.021020123713660657
1202 0.021020123713660657
1209 0.021020123713660657
1213 0.021020123713660657
1231 0.021020123713660657
1242 0.021020123713660657
1253 0.021020123713660657
1289 0.11345287917674282
1296 0.09076230334139426
1310 0.09076230334139426
1321 0.09076230334139426
1334 0.07260984267311542
1358 0.046470299310793876
1371 0.046470299310793876
1393 0.0371762394486351
1471 0.06642738767816096
1519 0.04251352811402302
1529 0.04251352811402302
1611 0.021766926394379788
1616 0.021766926394379788
1620 0.021766926394379788
1632 0.021766926394379788
1642 0.021766926394379788
1661 0.021766926394379788
1677 0.01741354111550383
1711 0.013930832892403065
1728 0.013930832892403065
1744 0.011144666313922453
1748 0.008915733051137962
1790 0.008915733051137962
1800 0.008915733051137962
1850 0.008915733051137962
1935 0.0071325864409103705
1942 0.0071325864409103705
1954 0.0071325864409103705
1969 0.0071325864409103705
1975 0.0071325864409103705
2031 0.005706069152728296
2057 0.004564855322182637
2104 0.00365188425774611
2114 0.00365188425774611
2137 0.002921507406196888
2140 0.002921507406196888
2153 0.0023372059249575105
2162 0.0023372059249575105
2175 0.0023372059249575105
2200 0.0023372059249575105
2213 0.0023372059249575105
2223 0.0023372059249575105
2226 0.0023372059249575105
2235 0.0018697647399660085
2267 0.0014958117919728069
2276 0.10119664943357826
2283 0.10119664943357826
2286 0.08095731954686261
2299 0.08095731954686261
2303 0.08095731954686261
2305 0.08095731954686261
2308 0.08095731954686261
2314 0.08095731954686261
2323 0.08095731954686261
2327 0.08095731954686261
2344 0.08095731954686261
2357 0.06476585563749009
2366 0.051812684509992074
2369 0.051812684509992074
2387 0.051812684509992074
2413 0.14145014760799368
2416 0.14145014760799368
2418 0.14145014760799368
2424 0.14145014760799368
2428 0.14145014760799368
2433 0.14145014760799368
2437 0.14145014760799368
2441 0.14145014760799368
2448 0.14145014760799368
2455 0.14145014760799368
2466 0.14145014760799368
2508 0.14145014760799368
2529 0.14145014760799368
2532 0.14145014760799368
2542 0.14145014760799368
2562 0.14145014760799368
2602 0.19052809446911598
2612 0.19052809446911598
2634 0.19052809446911598
2636 0.19052809446911598
2661 0.19052809446911598
2698 0.19052809446911598
2717 0.19052809446911598
2722 0.19052809446911598
2737 0.19052809446911598
2765 0.19052809446911598
2804 0.19052809446911598
2821 0.19052809446911598
2837 0.19052809446911598
2839 0.19052809446911598
2842 0.19052809446911598
2864 0.1524224755752928
2871 0.1524224755752928
2914 0.07804030749454993
2919 0.07804030749454993
2935 0.06243224599563995
2960 0.04994579679651196
2993 0.13995663743720957
3012 0.13995663743720957
3015 0.13995663743720957
3024 0.13995663743720957
3030 0.13995663743720957
3034 0.11196530994976767
3037 0.11196530994976767
3054 0.11196530994976767
3062 0.11196530994976767
3081 0.11196530994976767
3088 0.11196530994976767
3099 0.11196530994976767
3112 0.11196530994976767
3118 0.11196530994976767
3134 0.11196530994976767
3145 0.11196530994976767
3155 0.11196530994976767
3157 0.11196530994976767
3193 0.07165779836785131
3197 0.07165779836785131
3202 0.07165779836785131
3235 0.07165779836785131
3240 0.07165779836785131
3259 0.07165779836785131
3274 0.07165779836785131
3296 0.07165779836785131
3314 0.07165779836785131
3345 0.04586099095542484
3354 0.04586099095542484
3361 0.04586099095542484
3372 0.04586099095542484
3380 0.04586099095542484
3386 0.04586099095542484
3407 0.04586099095542484
3423 0.04586099095542484
3427 0.04586099095542484
3441 0.04586099095542484
3456 0.04586099095542484
3478 0.04586099095542484
3481 0.04586099095542484
3497 0.04586099095542484
3499 0.04586099095542484
3512 0.04586099095542484
3520 0.04586099095542484
3522 0.04586099095542484
3529 0.04586099095542484
3542 0.04586099095542484
3549 0.04586099095542484
3562 0.04586099095542484
3600 0.04586099095542484
3604 0.04586099095542484
3608 0.04586099095542484
3619 0.04586099095542484
3621 0.04586099095542484
3626 0.04586099095542484
3636 0.04586099095542484
3644 0.04586099095542484
3652 0.04586099095542484
3661 0.04586099095542484
3669 0.04586099095542484
3674 0.04586099095542484
3679 0.04586099095542484
3691 0.04586099095542484
3693 0.04586099095542484
3715 0.04586099095542484
3750 0.04586099095542484
3774 0.04586099095542484
3796 0.04586099095542484
3803 0.04586099095542484
3812 0.04586099095542484
3819 0.04586099095542484
3828 0.04586099095542484
3849 0.04586099095542484
3862 0.04586099095542484
3883 0.036688792764339874
3905 0.036688792764339874
3910 0.036688792764339874
3915 0.036688792764339874
3921 0.0293510342114719
3957 0.0293510342114719
3960 0.0293510342114719
3976 0.0293510342114719
4004 0.0293510342114719
4008 0.0293510342114719
4011 0.0293510342114719
4023 0.0293510342114719
4031 0.0293510342114719
4035 0.0293510342114719
4040 0.0293510342114719
4042 0.0293510342114719
4052 0.0293510342114719
4062 0.0293510342114719
4065 0.0293510342114719
4069 0.0293510342114719
4076 0.0293510342114719
4084 0.0293510342114719
4090 0.0293510342114719
4105 0.0293510342114719
4108 0.0293510342114719
4120 0.02348082736917752
4123 0.02348082736917752
4133 0.02348082736917752
4136 0.02348082736917752
4147 0.02348082736917752
4151 0.02348082736917752
4160 0.02348082736917752
4171 0.02348082736917752
4179 0.02348082736917752
4184 0.02348082736917752
4201 0.02348082736917752
4221 0.02348082736917752
4234 0.018784661895342017
4251 0.018784661895342017
4276 0.018784661895342017
4316 0.015027729516273614
4330 0.015027729516273614
4353 0.015027729516273614
4361 0.015027729516273614
4376 0.015027729516273614
4403 0.015027729516273614
4437 0.015027729516273614
4444 0.015027729516273614
4451 0.015027729516273614
4455 0.015027729516273614
4463 0.015027729516273614
4474 0.015027729516273614
4493 0.012022183613018891
4502 0.012022183613018891
4514 0.012022183613018891
4523 0.012022183613018891
4528 0.012022183613018891
4541 0.10961774689041512
4553 0.10961774689041512
4560 0.10961774689041512
4564 0.10961774689041512
4569 0.10961774689041512
4587 0.0876941975123321
4600 0.0876941975123321
4612 0.0876941975123321
4637 0.07015535800986568
4649 0.07015535800986568
4672 0.05612428640789255
4688 0.05612428640789255
4692 0.05612428640789255
4694 0.05612428640789255
4700 0.05612428640789255
4705 0.05612428640789255
4714 0.05612428640789255
4716 0.05612428640789255
4720 0.05612428640789255
4738 0.05612428640789255
4745 0.05612428640789255
4750 0.05612428640789255
4754 0.05612428640789255
4761 0.05612428640789255
4769 0.05612428640789255
4795 0.05612428640789255
4819 0.05612428640789255
4830 0.05612428640789255
4833 0.05612428640789255
4840 0.05612428640789255
4849 0.05612428640789255
4852 0.05612428640789255
4858 0.05612428640789255
4866 0.05612428640789255
4880 0.04489942912631404
4891 0.04489942912631404
4894 0.04489942912631404
4914 0.04489942912631404
4928 0.04489942912631404
4940 0.04489942912631404
4962 0.04489942912631404
4964 0.04489942912631404
4967 0.04489942912631404
4976 0.04489942912631404
4988 0.04489942912631404
4998 0.04489942912631404
5008 0.04489942912631404
5020 0.04489942912631404
5033 0.04489942912631404
5035 0.04489942912631404
5039 0.04489942912631404
5051 0.04489942912631404
5055 0.04489942912631404
5079 0.04489942912631404
5084 0.04489942912631404
5086 0.04489942912631404
5094 0.04489942912631404
5098 0.04489942912631404
5102 0.04489942912631404
5104 0.04489942912631404
5113 0.04489942912631404
5131 0.04489942912631404
5145 0.04489942912631404
5148 0.04489942912631404
5150 0.04489942912631404
5172 0.04489942912631404
5178 0.04489942912631404
5180 0.04489942912631404
5183 0.04489942912631404
5202 0.04489942912631404
5226 0.03591954330105123
5234 0.03591954330105123
5241 0.03591954330105123
5250 0.03591954330105123
5262 0.03591954330105123
5267 0.03591954330105123
5269 0.03591954330105123
5272 0.03591954330105123
5289 0.03591954330105123
5297 0.03591954330105123
5303 0.03591954330105123
5310 0.028735634640840987
5316 0.028735634640840987
5320 0.028735634640840987
5330 0.028735634640840987
5341 0.028735634640840987
5347 0.028735634640840987
5384 0.028735634640840987
5413 0.028735634640840987
5425 0.028735634640840987
5447 0.028735634640840987
5453 0.028735634640840987
5456 0.028735634640840987
5464 0.028735634640840987
5482 0.12298850771267279
5486 0.12298850771267279
5490 0.12298850771267279
5494 0.12298850771267279
5500 0.12298850771267279
5510 0.12298850771267279
5525 0.12298850771267279
5542 0.12298850771267279
5549 0.12298850771267279
5552 0.12298850771267279
5556 0.09839080617013823
5563 0.07871264493611059
5576 0.06297011594888847
5577 0.050376092759110785
5578 0.04030087420728863
5579 0.032240699365830905
5580 0.025792559492664725
5581 0.02063404759413178
5582 0.016507238075305426
5583 0.013205790460244341
5616 0.010564632368195473
5631 0.008451705894556379
5632 0.006761364715645104
5633 0.005409091772516084
5665 0.004327273418012867
5677 0.0034618187344102936
5680 0.002769454987528235
5694 0.002215563990022588
5695 0.0017724511920180705
5696 0.0014179609536144565
5697 0.10113436876289157
5707 0.08090749501031326
5710 0.1647259960082506
5729 0.1317807968066005
5730 0.1054246374452804
5731 0.18433970995622434
5736 0.1474717679649795
5742 0.1179774143719836
5751 0.09438193149758689
5760 0.07550554519806951
5766 0.060404436158455616
5772 0.04832354892676449
5779 0.0386588391414116
5783 0.03092707131312928
5787 0.024741657050503425
5828 0.019793325640402742
5841 0.015834660512322195
5846 0.015834660512322195
5856 0.015834660512322195
5862 0.015834660512322195
5864 0.015834660512322195
5879 0.015834660512322195
5891 0.015834660512322195
5898 0.015834660512322195
5930 0.015834660512322195
5937 0.015834660512322195
5947 0.015834660512322195
5962 0.015834660512322195
5966 0.015834660512322195
5977 0.015834660512322195
5980 0.015834660512322195
6006 0.015834660512322195
6017 0.015834660512322195
6028 0.015834660512322195
6054 0.015834660512322195
6057 0.015834660512322195
6080 0.015834660512322195
6088 0.015834660512322195
6091 0.015834660512322195
6096 0.015834660512322195
6113 0.015834660512322195
6115 0.015834660512322195
6151 0.015834660512322195
6178 0.015834660512322195
6183 0.015834660512322195
6189 0.015834660512322195
6202 0.012667728409857757
6208 0.012667728409857757
6213 0.012667728409857757
6219 0.012667728409857757
6221 0.012667728409857757
6228 0.012667728409857757
6244 0.012667728409857757
6249 0.012667728409857757
6254 0.012667728409857757
6258 0.012667728409857757
6267 0.012667728409857757
6294 0.012667728409857757
6306 0.012667728409857757
6310 0.012667728409857757
6312 0.012667728409857757
6318 0.012667728409857757
6335 0.012667728409857757
6371 0.012667728409857757
6394 0.010134182727886206
6402 0.010134182727886206
6406 0.010134182727886206
6412 0.010134182727886206
6415 0.010134182727886206
6419 0.010134182727886206
6421 0.010134182727886206
6425 0.010134182727886206
6441 0.010134182727886206
6444 0.010134182727886206
6457 0.010134182727886206
6473 0.010134182727886206
6484 0.010134182727886206
6487 0.010134182727886206
6490 0.010134182727886206
6495 0.010134182727886206
6504 0.008107346182308966
6506 0.008107346182308966
6509 0.008107346182308966
6512 0.008107346182308966
6549 0.008107346182308966
6564 0.008107346182308966
6628 0.005188701556677739
6646 0.005188701556677739
6650 0.005188701556677739
6661 0.005188701556677739
6684 0.005188701556677739
6689 0.005188701556677739
6691 0.005188701556677739
6695 0.005188701556677739
6701 0.005188701556677739
6734 0.005188701556677739
6737 0.005188701556677739
6743 0.005188701556677739
6754 0.005188701556677739
6757 0.005188701556677739
6765 0.005188701556677739
6767 0.005188701556677739
6772 0.005188701556677739
6776 0.005188701556677739
6793 0.005188701556677739
6808 0.005188701556677739
6816 0.005188701556677739
6830 0.005188701556677739
6848 0.005188701556677739
6854 0.005188701556677739
6861 0.005188701556677739
6864 0.005188701556677739
6868 0.005188701556677739
6874 0.005188701556677739
6895 0.005188701556677739
6909 0.005188701556677739
6929 0.005188701556677739
6933 0.005188701556677739
6939 0.005188701556677739
6943 0.005188701556677739
6947 0.005188701556677739
6949 0.005188701556677739
6951 0.005188701556677739
6953 0.005188701556677739
6956 0.005188701556677739
6960 0.005188701556677739
6984 0.005188701556677739
6997 0.005188701556677739
7016 0.005188701556677739
7019 0.005188701556677739
7024 0.004150961245342192
7033 0.004150961245342192
7035 0.004150961245342192
7038 0.004150961245342192
7041 0.004150961245342192
7061 0.004150961245342192
7066 0.004150961245342192
7076 0.004150961245342192
7084 0.004150961245342192
7089 0.004150961245342192
7096 0.004150961245342192
7115 0.004150961245342192
7120 0.004150961245342192
7123 0.004150961245342192
7125 0.004150961245342192
7143 0.004150961245342192
7159 0.004150961245342192
7164 0.004150961245342192
7171 0.004150961245342192
7179 0.002656615197019003
7208 0.002656615197019003
7216 0.002656615197019003
7228 0.002656615197019003
7231 0.002656615197019003
7241 0.002656615197019003
7243 0.002656615197019003
7248 0.002656615197019003
7254 0.002656615197019003
7257 0.002656615197019003
7259 0.002656615197019003
7270 0.002656615197019003
7276 0.002656615197019003
7289 0.002656615197019003
7297 0.002656615197019003
7318 0.002656615197019003
7339 0.002656615197019003
7342 0.002656615197019003
7355 0.002656615197019003
7364 0.002656615197019003
7366 0.002656615197019003
7374 0.002656615197019003
7382 0.002656615197019003
7385 0.002656615197019003
7404 0.002656615197019003
7408 0.002656615197019003
7423 0.002656615197019003
7425 0.002656615197019003
7434 0.002656615197019003
7450 0.002656615197019003
7487 0.002656615197019003
7503 0.002656615197019003
7545 0.002656615197019003
7572 0.002656615197019003
7590 0.002656615197019003
7597 0.002656615197019003
7603 0.002656615197019003
7610 0.002656615197019003
7614 0.002656615197019003
7617 0.002656615197019003
7633 0.002656615197019003
7640 0.002656615197019003
7686 0.002656615197019003
7696 0.002656615197019003
7738 0.002656615197019003
7740 0.002656615197019003
7760 0.002656615197019003
7764 0.002656615197019003
7771 0.002656615197019003
7775 0.002656615197019003
7782 0.002656615197019003
7788 0.002656615197019003
7821 0.002656615197019003
7825 0.002656615197019003
7832 0.002656615197019003
7837 0.002656615197019003
7845 0.002656615197019003
7853 0.002656615197019003
7862 0.002656615197019003
7869 0.002656615197019003
7872 0.002656615197019003
7876 0.002656615197019003
7902 0.002656615197019003
7909 0.002656615197019003
7918 0.002656615197019003
7936 0.002656615197019003
7943 0.002656615197019003
7963 0.002656615197019003
7969 0.002656615197019003
7980 0.002656615197019003
7986 0.002656615197019003
7996 0.002656615197019003
8010 0.002656615197019003
8022 0.002656615197019003
8049 0.002656615197019003
8059 0.002656615197019003
8061 0.002656615197019003
8073 0.002656615197019003
8082 0.002656615197019003
8087 0.002656615197019003
8102 0.002656615197019003
8120 0.002656615197019003
8124 0.002656615197019003
8126 0.002656615197019003
8139 0.002656615197019003
8148 0.002656615197019003
8156 0.002656615197019003
8164 0.002656615197019003
8173 0.002656615197019003
8178 0.002656615197019003
8187 0.002656615197019003
8191 0.002656615197019003
8196 0.002656615197019003
8198 0.002656615197019003
8224 0.002656615197019003
8235 0.002656615197019003
8249 0.002656615197019003
8258 0.002656615197019003
8274 0.002656615197019003
8280 0.002656615197019003
8305 0.002656615197019003
8334 0.002656615197019003
8341 0.002656615197019003
8348 0.002656615197019003
8352 0.002656615197019003
8373 0.002656615197019003
8375 0.002656615197019003
8384 0.002656615197019003
8391 0.002656615197019003
8429 0.002656615197019003
8444 0.0021252921576152026
8458 0.0021252921576152026
8463 0.0021252921576152026
8465 0.0021252921576152026
8468 0.0021252921576152026
8501 0.0021252921576152026
8504 0.0021252921576152026
8512 0.0021252921576152026
8524 0.0021252921576152026
8541 0.0021252921576152026
8551 0.0021252921576152026
8560 0.0021252921576152026
8564 0.0021252921576152026
8572 0.0021252921576152026
8593 0.0021252921576152026
8600 0.0021252921576152026
8611 0.0021252921576152026
8614 0.0021252921576152026
8622 0.0021252921576152026
8630 0.0021252921576152026
8633 0.0021252921576152026
8637 0.0021252921576152026
8645 0.0021252921576152026
8648 0.0021252921576152026
8654 0.0021252921576152026
8659 0.0021252921576152026
8719 0.0021252921576152026
8730 0.0021252921576152026
8748 0.0021252921576152026
8758 0.0021252921576152026
8765 0.0021252921576152026
8775 0.0021252921576152026
8786 0.0021252921576152026
8802 0.0021252921576152026
8810 0.0021252921576152026
8823 0.0021252921576152026
8825 0.0021252921576152026
8833 0.0021252921576152026
8843 0.0021252921576152026
8852 0.0021252921576152026
8858 0.0021252921576152026
8869 0.0021252921576152026
8890 0.001700233726092162
8897 0.001700233726092162
8907 0.001700233726092162
8911 0.001700233726092162
8921 0.001700233726092162
8936 0.001700233726092162
8944 0.001700233726092162
8960 0.001700233726092162
8968 0.001700233726092162
8972 0.001700233726092162
8978 0.001700233726092162
8981 0.001700233726092162
8992 0.001700233726092162
8997 0.001700233726092162
9021 0.001700233726092162
9043 0.001700233726092162
9059 0.001700233726092162
9071 0.001700233726092162
9081 0.001700233726092162
9085 0.001700233726092162
9088 0.001700233726092162
9092 0.001700233726092162
9095 0.001700233726092162
9098 0.001700233726092162
9116 0.001700233726092162
9128 0.001700233726092162
9147 0.001700233726092162
9152 0.001700233726092162
9156 0.001700233726092162
9172 0.001700233726092162
9174 0.001700233726092162
9184 0.001700233726092162
9190 0.001700233726092162
9220 0.001700233726092162
9234 0.001700233726092162
9238 0.001700233726092162
9241 0.001700233726092162
9246 0.001700233726092162
9249 0.001700233726092162
9263 0.001700233726092162
9300 0.001700233726092162
9319 0.001700233726092162
9327 0.001700233726092162
9336 0.001700233726092162
9338 0.001700233726092162
9341 0.001700233726092162
9347 0.001700233726092162
9358 0.001700233726092162
9385 0.001700233726092162
9414 0.001700233726092162
9425 0.001700233726092162
9457 0.001700233726092162
9464 0.001700233726092162
9468 0.001700233726092162
9475 0.001700233726092162
9484 0.001700233726092162
9496 0.001700233726092162
9503 0.001700233726092162
9506 0.001700233726092162
9512 0.001700233726092162
9531 0.0013601869808737297
9567 0.0013601869808737297
9588 0.0013601869808737297
9592 0.0013601869808737297
9597 0.0013601869808737297
9627 0.0013601869808737297
9635 0.0013601869808737297
9645 0.0013601869808737297
9659 0.0013601869808737297
9699 0.0013601869808737297
9707 0.0013601869808737297
9713 0.0013601869808737297
9715 0.0013601869808737297
9723 0.0013601869808737297
9725 0.0013601869808737297
9736 0.0013601869808737297
9770 0.0013601869808737297
9783 0.0013601869808737297
9852 0.0013601869808737297
9854 0.0013601869808737297
9863 0.0013601869808737297
9865 0.0013601869808737297
9873 0.0013601869808737297
9881 0.0013601869808737297
9892 0.0013601869808737297
9896 0.0013601869808737297
9911 0.0013601869808737297
9913 0.0013601869808737297
9931 0.0013601869808737297
9940 0.0013601869808737297
9943 0.0013601869808737297
9972 0.0013601869808737297
9974 0.0013601869808737297
9981 0.0013601869808737297
9990 0.0013601869808737297
9993 0.0013601869808737297
9995 0.0013601869808737297
9998 0.0013601869808737297
10027 0.0013601869808737297
10037 0.0013601869808737297
10051 0.0013601869808737297
10053 0.0013601869808737297
10059 0.0013601869808737297
10068 0.0013601869808737297
10070 0.0013601869808737297
10076 0.0013601869808737297
10086 0.0013601869808737297
10115 0.0013601869808737297
10117 0.0013601869808737297
10120 0.0013601869808737297
10145 0.0013601869808737297
10156 0.0013601869808737297
10168 0.0013601869808737297
10172 0.0013601869808737297
10175 0.0013601869808737297
10177 0.0013601869808737297
10184 0.0013601869808737297
10189 0.0013601869808737297
10200 0.0013601869808737297
10207 0.0013601869808737297
10212 0.0013601869808737297
10221 0.0013601869808737297
10235 0.0013601869808737297
10239 0.0013601869808737297
10241 0.0013601869808737297
10259 0.0013601869808737297
10263 0.0013601869808737297
10266 0.0013601869808737297
10278 0.0013601869808737297
10304 0.0013601869808737297
10311 0.0013601869808737297
10322 0.0013601869808737297
10327 0.0013601869808737297
10336 0.0010881495846989837
10343 0.0010881495846989837
10346 0.0010881495846989837
10360 0.0010881495846989837
10365 0.0010881495846989837
10392 8.705196677591871E-4
10399 8.705196677591871E-4
10403 8.705196677591871E-4
10408 8.705196677591871E-4
10411 8.705196677591871E-4
10418 8.705196677591871E-4
10445 8.705196677591871E-4
10468 8.705196677591871E-4
10472 8.705196677591871E-4
10488 8.705196677591871E-4
10496 8.705196677591871E-4
10501 8.705196677591871E-4
10511 8.705196677591871E-4
10516 8.705196677591871E-4
10521 8.705196677591871E-4
10525 8.705196677591871E-4
10546 6.964157342073497E-4
10562 6.964157342073497E-4
10568 6.964157342073497E-4
10575 6.964157342073497E-4
10581 6.964157342073497E-4
10586 6.964157342073497E-4
10597 6.964157342073497E-4
10600 6.964157342073497E-4
10602 6.964157342073497E-4
10606 6.964157342073497E-4
10610 6.964157342073497E-4
10613 6.964157342073497E-4
10618 6.964157342073497E-4
10620 6.964157342073497E-4
10640 6.964157342073497E-4
10648 6.964157342073497E-4
10653 6.964157342073497E-4
10673 6.964157342073497E-4
10690 6.964157342073497E-4
10712 6.964157342073497E-4
10724 6.964157342073497E-4
10733 6.964157342073497E-4
10739 6.964157342073497E-4
10760 6.964157342073497E-4
10765 6.964157342073497E-4
10823 6.964157342073497E-4
10827 6.964157342073497E-4
10832 6.964157342073497E-4
10837 6.964157342073497E-4
10844 6.964157342073497E-4
10850 6.964157342073497E-4
10856 6.964157342073497E-4
10860 6.964157342073497E-4
10864 6.964157342073497E-4
10869 6.964157342073497E-4
10882 6.964157342073497E-4
10885 6.964157342073497E-4
10905 6.964157342073497E-4
10907 6.964157342073497E-4
10913 6.964157342073497E-4
10946 6.964157342073497E-4
10949 6.964157342073497E-4
10954 6.964157342073497E-4
10958 6.964157342073497E-4
10965 6.964157342073497E-4
10971 6.964157342073497E-4
10980 6.964157342073497E-4
10993 6.964157342073497E-4
10996 6.964157342073497E-4
10999 6.964157342073497E-4
11001 6.964157342073497E-4
11014 6.964157342073497E-4
11019 6.964157342073497E-4
11040 6.964157342073497E-4
11061 6.964157342073497E-4
11074 6.964157342073497E-4
11076 6.964157342073497E-4
11087 6.964157342073497E-4
11122 6.964157342073497E-4
11129 6.964157342073497E-4
11136 6.964157342073497E-4
11150 6.964157342073497E-4
11158 6.964157342073497E-4
11172 6.964157342073497E-4
11202 6.964157342073497E-4
11205 6.964157342073497E-4
11212 6.964157342073497E-4
11224 6.964157342073497E-4
11243 5.571325873658798E-4
11257 5.571325873658798E-4
11260 5.571325873658798E-4
11264 5.571325873658798E-4
11273 5.571325873658798E-4
11279 5.571325873658798E-4
11281 5.571325873658798E-4
11287 5.571325873658798E-4
11291 5.571325873658798E-4
11302 5.571325873658798E-4
11327 5.571325873658798E-4
11331 5.571325873658798E-4
11338 5.571325873658798E-4
11347 5.571325873658798E-4
11352 5.571325873658798E-4
11357 5.571325873658798E-4
11372 5.571325873658798E-4
11378 5.571325873658798E-4
11385 5.571325873658798E-4
11392 5.571325873658798E-4
11401 5.571325873658798E-4
11409 5.571325873658798E-4
11418 5.571325873658798E-4
11447 5.571325873658798E-4
11453 5.571325873658798E-4
11470 5.571325873658798E-4
11488 5.571325873658798E-4
11499 5.571325873658798E-4
11508 5.571325873658798E-4
11519 5.571325873658798E-4
11524 5.571325873658798E-4
11527 5.571325873658798E-4
11532 5.571325873658798E-4
11548 5.571325873658798E-4
11567 5.571325873658798E-4
11571 5.571325873658798E-4
11573 5.571325873658798E-4
11585 5.571325873658798E-4
11593 5.571325873658798E-4
11614 5.571325873658798E-4
11619 5.571325873658798E-4
11626 5.571325873658798E-4
11629 5.571325873658798E-4
11631 5.571325873658798E-4
11651 5.571325873658798E-4
11654 5.571325873658798E-4
11667 5.571325873658798E-4
11682 5.571325873658798E-4
11684 5.571325873658798E-4
11687 5.571325873658798E-4
11690 5.571325873658798E-4
11701 5.571325873658798E-4
11711 5.571325873658798E-4
11716 5.571325873658798E-4
11736 5.571325873658798E-4
11757 5.571325873658798E-4
11760 5.571325873658798E-4
11764 5.571325873658798E-4
11773 5.571325873658798E-4
11789 5.571325873658798E-4
11796 5.571325873658798E-4
11799 5.571325873658798E-4
11803 5.571325873658798E-4
11813 5.571325873658798E-4
11825 5.571325873658798E-4
11831 5.571325873658798E-4
11846 5.571325873658798E-4
11852 5.571325873658798E-4
11871 5.571325873658798E-4
11898 5.571325873658798E-4
11928 5.571325873658798E-4
11948 5.571325873658798E-4
11955 5.571325873658798E-4
11972 5.571325873658798E-4
11986 5.571325873658798E-4
11988 5.571325873658798E-4
11995 5.571325873658798E-4
11998 5.571325873658798E-4
12017 5.571325873658798E-4
12027 5.571325873658798E-4
12029 5.571325873658798E-4
12064 5.571325873658798E-4
12069 5.571325873658798E-4
12078 5.571325873658798E-4
12085 5.571325873658798E-4
12087 5.571325873658798E-4
12096 5.571325873658798E-4
12103 5.571325873658798E-4
12127 5.571325873658798E-4
12138 5.571325873658798E-4
12147 5.571325873658798E-4
12155 5.571325873658798E-4
12159 5.571325873658798E-4
12161 5.571325873658798E-4
12174 5.571325873658798E-4
12183 5.571325873658798E-4
12196 5.571325873658798E-4
12216 5.571325873658798E-4
12220 5.571325873658798E-4
12225 5.571325873658798E-4
12247 5.571325873658798E-4
12263 5.571325873658798E-4
12277 5.571325873658798E-4
12289 5.571325873658798E-4
12291 5.571325873658798E-4
12316 5.571325873658798E-4
12319 5.571325873658798E-4
12322 5.571325873658798E-4
12346 5.571325873658798E-4
12353 5.571325873658798E-4
12359 5.571325873658798E-4
12373 5.571325873658798E-4
12391 5.571325873658798E-4
12417 5.571325873658798E-4
12420 5.571325873658798E-4
12436 5.571325873658798E-4
12445 5.571325873658798E-4
12450 5.571325873658798E-4
12457 5.571325873658798E-4
12459 5.571325873658798E-4
12462 5.571325873658798E-4
12472 5.571325873658798E-4
12476 5.571325873658798E-4
12478 5.571325873658798E-4
12492 5.571325873658798E-4
12509 5.571325873658798E-4
12527 5.571325873658798E-4
12530 5.571325873658798E-4
12541 5.571325873658798E-4
12544 5.571325873658798E-4
12546 5.571325873658798E-4
12563 5.571325873658798E-4
12575 5.571325873658798E-4
12585 5.571325873658798E-4
12597 5.571325873658798E-4
12604 5.571325873658798E-4
12610 5.571325873658798E-4
12615 5.571325873658798E-4
12631 5.571325873658798E-4
12636 5.571325873658798E-4
12640 5.571325873658798E-4
12644 5.571325873658798E-4
12650 5.571325873658798E-4
12656 5.571325873658798E-4
12659 5.571325873658798E-4
12662 5.571325873658798E-4
12688 5.571325873658798E-4
12696 5.571325873658798E-4
12699 5.571325873658798E-4
12715 5.571325873658798E-4
12759 5.571325873658798E-4
12786 5.571325873658798E-4
12804 5.571325873658798E-4
12812 5.571325873658798E-4
12817 5.571325873658798E-4
12819 5.571325873658798E-4
12832 5.571325873658798E-4
12835 5.571325873658798E-4
12838 5.571325873658798E-4
12842 5.571325873658798E-4
12845 5.571325873658798E-4
12852 5.571325873658798E-4
12857 5.571325873658798E-4
12867 5.571325873658798E-4
12875 5.571325873658798E-4
12879 5.571325873658798E-4
12883 5.571325873658798E-4
12888 5.571325873658798E-4
12891 5.571325873658798E-4
12909 5.571325873658798E-4
12913 5.571325873658798E-4
12916 5.571325873658798E-4
12918 5.571325873658798E-4
12928 5.571325873658798E-4
12934 5.571325873658798E-4
12936 5.571325873658798E-4
12948 5.571325873658798E-4
12959 5.571325873658798E-4
12968 5.571325873658798E-4
12972 5.571325873658798E-4
12987 5.571325873658798E-4
12998 5.571325873658798E-4
13002 5.571325873658798E-4
13006 5.571325873658798E-4
13010 5.571325873658798E-4
13012 5.571325873658798E-4
13014 5.571325873658798E-4
13053 5.571325873658798E-4
13056 5.571325873658798E-4
13058 5.571325873658798E-4
13066 5.571325873658798E-4
13076 5.571325873658798E-4
13078 5.571325873658798E-4
13098 5.571325873658798E-4
13118 5.571325873658798E-4
13122 5.571325873658798E-4
13125 5.571325873658798E-4
13128 5.571325873658798E-4
13131 5.571325873658798E-4
13145 5.571325873658798E-4
13150 5.571325873658798E-4
13158 5.571325873658798E-4
13167 5.571325873658798E-4
13175 5.571325873658798E-4
13181 5.571325873658798E-4
13190 5.571325873658798E-4
13193 5.571325873658798E-4
13196 5.571325873658798E-4
13203 5.571325873658798E-4
13214 5.571325873658798E-4
13218 5.571325873658798E-4
13221 5.571325873658798E-4
13228 5.571325873658798E-4
13235 5.571325873658798E-4
13240 5.571325873658798E-4
13258 5.571325873658798E-4
13271 5.571325873658798E-4
13276 5.571325873658798E-4
13285 5.571325873658798E-4
13294 5.571325873658798E-4
13302 5.571325873658798E-4
13305 5.571325873658798E-4
13339 5.571325873658798E-4
13343 5.571325873658798E-4
13351 5.571325873658798E-4
13356 5.571325873658798E-4
13362 5.571325873658798E-4
13370 5.571325873658798E-4
13383 5.571325873658798E-4
13401 5.571325873658798E-4
13406 5.571325873658798E-4
13410 5.571325873658798E-4
13424 5.571325873658798E-4
13426 5.571325873658798E-4
13460 5.571325873658798E-4
13463 5.571325873658798E-4
13467 5.571325873658798E-4
13478 5.571325873658798E-4
13488 5.571325873658798E-4
13493 5.571325873658798E-4
13527 5.571325873658798E-4
13538 5.571325873658798E-4
13549 5.571325873658798E-4
13577 5.571325873658798E-4
13594 5.571325873658798E-4
13604 5.571325873658798E-4
13607 5.571325873658798E-4
13610 5.571325873658798E-4
13629 5.571325873658798E-4
13640 5.571325873658798E-4
13654 5.571325873658798E-4
13665 5.571325873658798E-4
13668 5.571325873658798E-4
13678 5.571325873658798E-4
13694 5.571325873658798E-4
13700 5.571325873658798E-4
13712 5.571325873658798E-4
13719 5.571325873658798E-4
13723 5.571325873658798E-4
13734 5.571325873658798E-4
13737 5.571325873658798E-4
13747 5.571325873658798E-4
13764 5.571325873658798E-4
13768 5.571325873658798E-4
13776 5.571325873658798E-4
13786 5.571325873658798E-4
13790 5.571325873658798E-4
13804 5.571325873658798E-4
13813 5.571325873658798E-4
13818 5.571325873658798E-4
13820 5.571325873658798E-4
13828 5.571325873658798E-4
13831 5.571325873658798E-4
13836 5.571325873658798E-4
13858 5.571325873658798E-4
13896 5.571325873658798E-4
13900 5.571325873658798E-4
13903 5.571325873658798E-4
13914 5.571325873658798E-4
13916 5.571325873658798E-4
13927 5.571325873658798E-4
13938 5.571325873658798E-4
13950 5.571325873658798E-4
13957 5.571325873658798E-4
13963 5.571325873658798E-4
13974 5.571325873658798E-4
13981 5.571325873658798E-4
13996 5.571325873658798E-4
13999 5.571325873658798E-4
14004 5.571325873658798E-4
14014 5.571325873658798E-4
14019 5.571325873658798E-4
14036 5.571325873658798E-4
14039 5.571325873658798E-4
14057 5.571325873658798E-4
14064 5.571325873658798E-4
14067 5.571325873658798E-4
14074 5.571325873658798E-4
14083 5.571325873658798E-4
14142 5.571325873658798E-4
14150 5.571325873658798E-4
14160 5.571325873658798E-4
14173 5.571325873658798E-4
14180 5.571325873658798E-4
14204 5.571325873658798E-4
14210 5.571325873658798E-4
14218 5.571325873658798E-4
14222 5.571325873658798E-4
14229 5.571325873658798E-4
14240 5.571325873658798E-4
14246 5.571325873658798E-4
14250 5.571325873658798E-4
14255 5.571325873658798E-4
14264 5.571325873658798E-4
14291 5.571325873658798E-4
14295 5.571325873658798E-4
14313 5.571325873658798E-4
14316 5.571325873658798E-4
14348 5.571325873658798E-4
14351 5.571325873658798E-4
14357 5.571325873658798E-4
14362 5.571325873658798E-4
14366 5.571325873658798E-4
14372 5.571325873658798E-4
14376 5.571325873658798E-4
14385 5.571325873658798E-4
14390 5.571325873658798E-4
14395 5.571325873658798E-4
14412 5.571325873658798E-4
14421 5.571325873658798E-4
14438 5.571325873658798E-4
14443 5.571325873658798E-4
14449 5.571325873658798E-4
14483 5.571325873658798E-4
14486 5.571325873658798E-4
14489 5.571325873658798E-4
14491 5.571325873658798E-4
14505 5.571325873658798E-4
14508 5.571325873658798E-4
14518 5.571325873658798E-4
14522 5.571325873658798E-4
14525 5.571325873658798E-4
14528 5.571325873658798E-4
14546 5.571325873658798E-4
14555 5.571325873658798E-4
14573 5.571325873658798E-4
14591 5.571325873658798E-4
14596 5.571325873658798E-4
14601 5.571325873658798E-4
14610 5.571325873658798E-4
14616 5.571325873658798E-4
14629 5.571325873658798E-4
14638 5.571325873658798E-4
14652 5.571325873658798E-4
14666 5.571325873658798E-4
14683 5.571325873658798E-4
14691 5.571325873658798E-4
14703 5.571325873658798E-4
14726 5.571325873658798E-4
14729 5.571325873658798E-4
14732 5.571325873658798E-4
14734 5.571325873658798E-4
14767 5.571325873658798E-4
14774 5.571325873658798E-4
14786 5.571325873658798E-4
14793 5.571325873658798E-4
14810 5.571325873658798E-4
14829 5.571325873658798E-4
14837 5.571325873658798E-4
14899 5.571325873658798E-4
14908 5.571325873658798E-4
14915 5.571325873658798E-4
14928 5.571325873658798E-4
14931 5.571325873658798E-4
14943 5.571325873658798E-4
14949 5.571325873658798E-4
14957 5.571325873658798E-4
14962 5.571325873658798E-4
14970 5.571325873658798E-4
14998 5.571325873658798E-4
15003 5.571325873658798E-4
15022 5.571325873658798E-4
15028 5.571325873658798E-4
15030 5.571325873658798E-4
15034 5.571325873658798E-4
15041 5.571325873658798E-4
15044 5.571325873658798E-4
15053 5.571325873658798E-4
15061 5.571325873658798E-4
15067 5.571325873658798E-4
15079 5.571325873658798E-4
15094 5.571325873658798E-4
15105 5.571325873658798E-4
15107 5.571325873658798E-4
15117 5.571325873658798E-4
15128 5.571325873658798E-4
15139 5.571325873658798E-4
15148 5.571325873658798E-4
15158 5.571325873658798E-4
15162 5.571325873658798E-4
15172 5.571325873658798E-4
15202 5.571325873658798E-4
15213 5.571325873658798E-4
15233 5.571325873658798E-4
15243 5.571325873658798E-4
15250 5.571325873658798E-4
15273 5.571325873658798E-4
15317 5.571325873658798E-4
15325 5.571325873658798E-4
15327 5.571325873658798E-4
15334 5.571325873658798E-4
15342 5.571325873658798E-4
15349 5.571325873658798E-4
15359 5.571325873658798E-4
15369 5.571325873658798E-4
15371 5.571325873658798E-4
15375 5.571325873658798E-4
15412 5.571325873658798E-4
15421 5.571325873658798E-4
15428 5.571325873658798E-4
15432 5.571325873658798E-4
15437 5.571325873658798E-4
15440 5.571325873658798E-4
15452 5.571325873658798E-4
15498 5.571325873658798E-4
15502 5.571325873658798E-4
15507 5.571325873658798E-4
15509 5.571325873658798E-4
15520 5.571325873658798E-4
15530 5.571325873658798E-4
15533 5.571325873658798E-4
15535 5.571325873658798E-4
15543 5.571325873658798E-4
15548 5.571325873658798E-4
15551 5.571325873658798E-4
15563 5.571325873658798E-4
15565 5.571325873658798E-4
15568 5.571325873658798E-4
15599 5.571325873658798E-4
15605 5.571325873658798E-4
15607 5.571325873658798E-4
15631 5.571325873658798E-4
15636 5.571325873658798E-4
15646 5.571325873658798E-4
15659 5.571325873658798E-4
15663 5.571325873658798E-4
15666 5.571325873658798E-4
15669 5.571325873658798E-4
15674 5.571325873658798E-4
15676 5.571325873658798E-4
15683 5.571325873658798E-4
15686 5.571325873658798E-4
15697 5.571325873658798E-4
15703 5.571325873658798E-4
15708 5.571325873658798E-4
15712 5.571325873658798E-4
15718 5.571325873658798E-4
15721 5.571325873658798E-4
15729 5.571325873658798E-4
15732 5.571325873658798E-4
15738 5.571325873658798E-4
15752 5.571325873658798E-4
15754 5.571325873658798E-4
15757 5.571325873658798E-4
15773 5.571325873658798E-4
15779 5.571325873658798E-4
15786 5.571325873658798E-4
15790 5.571325873658798E-4
15794 5.571325873658798E-4
15797 5.571325873658798E-4
15803 5.571325873658798E-4
15805 5.571325873658798E-4
15811 5.571325873658798E-4
15813 5.571325873658798E-4
15816 5.571325873658798E-4
15822 5.571325873658798E-4
15842 5.571325873658798E-4
15845 5.571325873658798E-4
15850 5.571325873658798E-4
15858 5.571325873658798E-4
15868 5.571325873658798E-4
15877 5.571325873658798E-4
15894 5.571325873658798E-4
15896 5.571325873658798E-4
15902 5.571325873658798E-4
15905 5.571325873658798E-4
15912 5.571325873658798E-4
15920 5.571325873658798E-4
15924 5.571325873658798E-4
15926 5.571325873658798E-4
15934 5.571325873658798E-4
15958 5.571325873658798E-4
15967 5.571325873658798E-4
15972 5.571325873658798E-4
15975 5.571325873658798E-4
15985 5.571325873658798E-4
15999 5.571325873658798E-4
16002 5.571325873658798E-4
16006 5.571325873658798E-4
16016 5.571325873658798E-4
16026 5.571325873658798E-4
16063 5.571325873658798E-4
16069 5.571325873658798E-4
16080 5.571325873658798E-4
16082 5.571325873658798E-4
16090 5.571325873658798E-4
16116 5.571325873658798E-4
16129 5.571325873658798E-4
16134 5.571325873658798E-4
16150 5.571325873658798E-4
16161 5.571325873658798E-4
16172 5.571325873658798E-4
16178 5.571325873658798E-4
16186 5.571325873658798E-4
16201 5.571325873658798E-4
16232 5.571325873658798E-4
16240 5.571325873658798E-4
16275 5.571325873658798E-4
16289 5.571325873658798E-4
16296 5.571325873658798E-4
16306 5.571325873658798E-4
16326 5.571325873658798E-4
16355 5.571325873658798E-4
16360 5.571325873658798E-4
16367 5.571325873658798E-4
16373 5.571325873658798E-4
16381 5.571325873658798E-4
16390 5.571325873658798E-4
16397 5.571325873658798E-4
16420 5.571325873658798E-4
16427 5.571325873658798E-4
16437 5.571325873658798E-4
16441 5.571325873658798E-4
16448 5.571325873658798E-4
16452 5.571325873658798E-4
16456 5.571325873658798E-4
16465 5.571325873658798E-4
16471 5.571325873658798E-4
16486 5.571325873658798E-4
16490 5.571325873658798E-4
16509 5.571325873658798E-4
16519 5.571325873658798E-4
16548 5.571325873658798E-4
16567 5.571325873658798E-4
16588 5.571325873658798E-4
16604 5.571325873658798E-4
16608 5.571325873658798E-4
16610 5.571325873658798E-4
16621 5.571325873658798E-4
16633 5.571325873658798E-4
16647 5.571325873658798E-4
16649 5.571325873658798E-4
16653 5.571325873658798E-4
16666 5.571325873658798E-4
16674 5.571325873658798E-4
16681 5.571325873658798E-4
16689 5.571325873658798E-4
16698 5.571325873658798E-4
16709 5.571325873658798E-4
16711 5.571325873658798E-4
16714 5.571325873658798E-4
16732 5.571325873658798E-4
16766 5.571325873658798E-4
16772 5.571325873658798E-4
16775 5.571325873658798E-4
16788 5.571325873658798E-4
16790 5.571325873658798E-4
16796 5.571325873658798E-4
16806 5.571325873658798E-4
16823 5.571325873658798E-4
16826 5.571325873658798E-4
16829 5.571325873658798E-4
16832 5.571325873658798E-4
16843 5.571325873658798E-4
16864 5.571325873658798E-4
16870 5.571325873658798E-4
16874 5.571325873658798E-4
16881 5.571325873658798E-4
16883 5.571325873658798E-4
16906 5.571325873658798E-4
16910 5.571325873658798E-4
16926 5.571325873658798E-4
16928 5.571325873658798E-4
16933 5.571325873658798E-4
16935 5.571325873658798E-4
16942 5.571325873658798E-4