339 0.4444521034815899
446 0.27734448753412
447 0.32187559002729604
453 0.3575004720218369
461 0.3860003776174695
491 0.4270402416751805
508 0.4270402416751805
530 0.4416321933401445
553 0.4416321933401445
609 0.3248925463921232
612 0.3599140371136986
642 0.4282759870022138
648 0.46327730534513356
649 0.3706218442761069
651 0.39649747542088554
652 0.31719798033670843
653 0.25375838426936675
654 0.20300670741549343
704 0.24793943419673267
756 0.2386812378859089
765 0.19094499030872714
773 0.2222047937975854
774 0.17776383503806834
789 0.24221106803045467
804 0.19376885442436376
806 0.255015083539491
807 0.2040120668315928
809 0.16320965346527425
810 0.1305677227722194
811 0.20445417821777553
820 0.28468053924750114
854 0.26219554511840076
861 0.24780514887577648
886 0.1982441191006212
890 0.1982441191006212
903 0.20150098897951807
970 0.18316850635751328
973 0.24653480508601064
977 0.29722784406880853
1007 0.39618065616323006
1017 0.31694452493058406
1036 0.3828444959555738
1039 0.30627559676445903
1042 0.24502047741156724
1044 0.29601638192925384
1051 0.23681310554340307
1058 0.28945048443472243
1059 0.23156038754777797
1070 0.28255891842446235
1071 0.2260471347395699
1072 0.18083770779165592
1087 0.14467016623332474
1090 0.2157361329866598
1091 0.27258890638932787
1093 0.3180711251114623
1125 0.20356552007133588
1139 0.13028193284565498
1161 0.13028193284565498
1175 0.10422554627652399
1176 0.0833804370212192
1177 0.16670434961697536
1193 0.2333634796935803
1215 0.11948210160311312
1217 0.19558568128249051
1227 0.2564685450259924
1229 0.305174836020794
1239 0.24413986881663519
1245 0.2953118950533081
1246 0.23624951604264652
1247 0.18899961283411723
1259 0.1511996902672938
1325 0.07741424141685443
1327 0.07741424141685443
1333 0.07741424141685443
1354 0.16193139313348356
1367 0.16193139313348356
1400 0.26290887328434365
1438 0.26826167890197994
1480 0.31460934312158395
1481 0.2516874744972672
1510 0.241079983678251
1525 0.23429118955408068
1531 0.18743295164326457
1553 0.24994636131461168
1558 0.19995708905168935
1565 0.1599656712413515
1567 0.2279725369930812
1568 0.282378029594465
1615 0.225902423675572
1626 0.225902423675572
1628 0.225902423675572
1663 0.225902423675572
1668 0.2807219389404576
1723 0.3596620409218929
1732 0.3877296327375144
1774 0.3101837061900115
1775 0.34814696495200925
1776 0.3785175719616074
1777 0.4028140575692859
1778 0.32225124605542876
1818 0.25780099684434304
1819 0.30624079747547445
1820 0.24499263798037957
1862 0.15679528830744294
1867 0.15679528830744294
1875 0.15679528830744294
1879 0.15679528830744294
1884 0.15679528830744294
1887 0.15679528830744294
1921 0.15679528830744294
1953 0.15679528830744294
1968 0.15679528830744294
1974 0.15679528830744294
2002 0.12543623064595436
2019 0.12543623064595436
2047 0.12543623064595436
2072 0.12543623064595436
2081 0.12543623064595436
2084 0.12543623064595436
2149 0.12543623064595436
2161 0.12543623064595436
2164 0.12543623064595436
2171 0.12543623064595436
2177 0.12543623064595436
2199 0.12543623064595436
2275 0.12543623064595436
2288 0.12543623064595436
2313 0.12543623064595436
2355 0.12543623064595436
2380 0.12543623064595436
2427 0.12543623064595436
2432 0.12543623064595436
2436 0.12543623064595436
2439 0.12543623064595436
2443 0.12543623064595436
2447 0.12543623064595436
2463 0.12543623064595436
2477 0.1003489845167635
2506 0.1003489845167635
2528 0.1003489845167635
2601 0.1003489845167635
2641 0.1003489845167635
2675 0.1003489845167635
2679 0.1003489845167635
2706 0.1003489845167635
2764 0.1003489845167635
2785 0.1003489845167635
2795 0.1003489845167635
2799 0.1003489845167635
2803 0.1003489845167635
2816 0.1003489845167635
2844 0.1003489845167635
2853 0.1003489845167635
2884 0.1003489845167635
2887 0.0802791876134108
2889 0.0802791876134108
2923 0.16422335009072864
2930 0.16422335009072864
2934 0.16422335009072864
2944 0.16422335009072864
2959 0.16422335009072864
2998 0.16422335009072864
3050 0.16422335009072864
3061 0.1313786800725829
3120 0.1313786800725829
3165 0.1313786800725829
3183 0.1313786800725829
3196 0.1313786800725829
3201 0.1313786800725829
3261 0.1313786800725829
3264 0.1313786800725829
3273 0.1313786800725829
3313 0.1313786800725829
3363 0.1313786800725829
3391 0.10510294405806633
3425 0.10510294405806633
3459 0.10510294405806633
3480 0.10510294405806633
3501 0.08408235524645308
3536 0.06726588419716246
3548 0.06726588419716246
3556 0.06726588419716246
3561 0.06726588419716246
3569 0.06726588419716246
3634 0.06726588419716246
3710 0.06726588419716246
3718 0.06726588419716246
3722 0.06726588419716246
3733 0.15381270735772998
3744 0.15381270735772998
3773 0.15381270735772998
3827 0.09844013270894719
3848 0.09844013270894719
3861 0.09844013270894719
3890 0.09844013270894719
3946 0.09844013270894719
3975 0.09844013270894719
4006 0.09844013270894719
4022 0.09844013270894719
4060 0.09844013270894719
4067 0.09844013270894719
4092 0.09844013270894719
4095 0.09844013270894719
4111 0.09844013270894719
4127 0.09844013270894719
4135 0.09844013270894719
4178 0.09844013270894719
4192 0.09844013270894719
4196 0.09844013270894719
4200 0.09844013270894719
4289 0.09844013270894719
4312 0.09844013270894719
4349 0.09844013270894719
4360 0.09844013270894719
4381 0.09844013270894719
4385 0.09844013270894719
4395 0.07875210616715776
4436 0.07875210616715776
4449 0.07875210616715776
4467 0.06300168493372621
4469 0.06300168493372621
4473 0.06300168493372621
4489 0.06300168493372621
4501 0.06300168493372621
4507 0.06300168493372621
4552 0.15040134794698098
4558 0.15040134794698098
4563 0.15040134794698098
4586 0.15040134794698098
4590 0.15040134794698098
4661 0.15040134794698098
4671 0.15040134794698098
4718 0.15040134794698098
4727 0.15040134794698098
4753 0.15040134794698098
4756 0.15040134794698098
4794 0.15040134794698098
4818 0.15040134794698098
4848 0.15040134794698098
4857 0.15040134794698098
4893 0.15040134794698098
4966 0.15040134794698098
5019 0.15040134794698098
5054 0.15040134794698098
5057 0.15040134794698098
5072 0.15040134794698098
5101 0.1203210783575848
5171 0.1203210783575848
5201 0.1203210783575848
5233 0.1203210783575848
5240 0.1203210783575848
5257 0.1203210783575848
5261 0.1203210783575848
5266 0.1203210783575848
5296 0.1203210783575848
5343 0.1203210783575848
5455 0.1203210783575848
5485 0.1203210783575848
5508 0.1203210783575848
5513 0.1203210783575848
5551 0.1203210783575848
5558 0.1203210783575848
5617 0.1203210783575848
5624 0.1203210783575848
5642 0.1203210783575848
5650 0.1203210783575848
5676 0.1203210783575848
5698 0.1203210783575848
5706 0.1203210783575848
5732 0.1203210783575848
5735 0.1203210783575848
5752 0.1203210783575848
5761 0.1203210783575848
5771 0.1203210783575848
5778 0.1203210783575848
5782 0.1203210783575848
5784 0.1203210783575848
5786 0.1203210783575848
5791 0.1203210783575848
5824 0.1203210783575848
5827 0.1203210783575848
5840 0.1203210783575848
5861 0.1203210783575848
5897 0.1203210783575848
5901 0.1203210783575848
5905 0.1203210783575848
5946 0.1203210783575848
5976 0.1203210783575848
5979 0.1203210783575848
5983 0.09625686268606784
6016 0.09625686268606784
6026 0.09625686268606784
6045 0.09625686268606784
6056 0.09625686268606784
6212 0.09625686268606784
6308 0.09625686268606784
6314 0.09625686268606784
6316 0.09625686268606784
6401 0.09625686268606784
6414 0.09625686268606784
6434 0.09625686268606784
6440 0.09625686268606784
6460 0.09625686268606784
6489 0.09625686268606784
6500 0.09625686268606784
6511 0.09625686268606784
6526 0.09625686268606784
6547 0.09625686268606784
6599 0.09625686268606784
6612 0.09625686268606784
6620 0.09625686268606784
6627 0.09625686268606784
6645 0.09625686268606784
6700 0.09625686268606784
6739 0.09625686268606784
6829 0.09625686268606784
6850 0.09625686268606784
6860 0.09625686268606784
6863 0.09625686268606784
6866 0.09625686268606784
6908 0.09625686268606784
6955 0.09625