46 0.051200000000000016
302 0.1127450543938829
307 0.19019604351510633
320 0.15215683481208508
336 0.2773803742797345
374 0.3288150013049793
474 0.08904576192597712
486 0.07123660954078169
489 0.07123660954078169
519 0.11647314408488024
563 0.14770739981716696
578 0.2745327358829869
607 0.28456076077208925
618 0.2821188868941371
619 0.2821188868941371
647 0.26055608761224774
668 0.16675589607183858
708 0.11950321503102511
709 0.11950321503102511
779 0.1956025720248201
787 0.3051856460958849
826 0.2441485168767079
858 0.19531881350136635
876 0.2562550508010931
883 0.16400323251269963
915 0.24796965504650226
936 0.19837572403720183
968 0.2069604633838092
982 0.13245469656563788
998 0.08477100580200825
1004 0.08477100580200825
1010 0.08477100580200825
1052 0.1787222039765026
1053 0.1787222039765026
1056 0.1787222039765026
1079 0.11438221054496167
1116 0.09150576843596935
1119 0.09150576843596935
1148 0.07320461474877547
1154 0.0468509534392163
1155 0.0468509534392163
1204 0.023987688160878748
1206 0.019190150528703
1208 0.015352120422962402
1212 0.009825357070695939
1226 0.006288228525245402
1230 0.005030582820196322
1235 0.004024466256157057
1238 0.003219573004925646
1254 0.002575658403940517
1258 0.002060526723152414
1282 0.0016484213785219312
1290 0.001318737102817545
1298 0.001318737102817545
1300 0.0010549896822540361
1329 5.401547173140666E-4
1343 4.321237738512533E-4
1359 4.321237738512533E-4
1370 2.7655921526480214E-4
1372 2.2124737221184172E-4
1378 1.415983182155787E-4
1379 1.415983182155787E-4
1417 9.062292365797037E-5
1431 9.062292365797037E-5
1441 7.24983389263763E-5
1453 5.7998671141101044E-5
1457 4.639893691288084E-5
1468 4.639893691288084E-5
1472 4.639893691288084E-5
1478 3.711914953030468E-5
1490 2.9695319624243745E-5
1498 2.9695319624243745E-5
1515 0.1000237562556994
1539 0.1000237562556994
1544 0.1000237562556994
1545 0.1000237562556994
1549 0.1000237562556994
1554 0.06401520400364762
1600 0.12097650204791527
1601 0.12097650204791527
1605 0.12097650204791527
1606 0.12097650204791527
1607 0.12097650204791527
1608 0.12097650204791527
1613 0.12097650204791527
1617 0.12097650204791527
1645 0.12097650204791527
1646 0.12097650204791527
1649 0.09678120163833222
1650 0.09678120163833222
1664 0.061939969048532634
1670 0.03964158019106089
1671 0.03964158019106089
1682 0.03171326415284872
1690 0.03171326415284872
1691 0.03171326415284872
1692 0.03171326415284872
1693 0.03171326415284872
1694 0.03171326415284872
1706 0.03171326415284872
1707 0.03171326415284872
1712 0.03171326415284872
1715 0.03171326415284872
1733 0.03171326415284872
1745 0.03171326415284872
1753 0.03171326415284872
1779 0.03171326415284872
1791 0.025370611322278976
1815 0.025370611322278976
1816 0.025370611322278976
1831 0.02029648905782318
1837 0.11623719124625856
1840 0.11623719124625856
1841 0.11623719124625856
1851 0.11623719124625856
1871 0.09298975299700685
1882 0.09298975299700685
1905 0.09298975299700685
1906 0.09298975299700685
1908 0.09298975299700685
1923 0.09298975299700685
1924 0.09298975299700685
1925 0.09298975299700685
1930 0.1743918023976055
1932 0.1743918023976055
1944 0.1743918023976055
1966 0.1395134419180844
1976 0.1395134419180844
2018 0.21161075353446754
2022 0.16928860282757405
2030 0.13543088226205924
2034 0.10834470580964739
2035 0.10834470580964739
2044 0.10834470580964739
2059 0.10834470580964739
2063 0.18667576464771793
2064 0.18667576464771793
2087 0.18667576464771793
2100 0.18667576464771793
2102 0.18667576464771793
2115 0.18667576464771793
2116 0.18667576464771793
2122 0.14934061171817434
2128 0.14934061171817434
2141 0.21947248937453948
2142 0.21947248937453948
2143 0.21947248937453948
2151 0.21947248937453948
2158 0.21947248937453948
2173 0.1404623931997053
2180 0.1404623931997053
2197 0.1404623931997053
2204 0.1404623931997053
2205 0.1404623931997053
2209 0.1404623931997053
2210 0.1404623931997053
2211 0.1404623931997053
2214 0.1404623931997053
2224 0.1404623931997053
2233 0.1404623931997053
2236 0.1404623931997053
2254 0.1404623931997053
2259 0.11236991455976425
2273 0.11236991455976425
2277 0.11236991455976425
2291 0.11236991455976425
2315 0.11236991455976425
2319 0.1898959316478114
2324 0.20153339625459932
2326 0.16122671700367947
2340 0.12898137360294357
2341 0.12898137360294357
2345 0.12898137360294357
2352 0.12898137360294357
2359 0.12898137360294357
2377 0.12898137360294357
2406 0.12898137360294357
2414 0.12898137360294357
2434 0.12898137360294357
2467 0.12898137360294357
2496 0.10318509888235486
2500 0.10318509888235486
2504 0.10318509888235486
2523 0.10318509888235486
2524 0.10318509888235486
2526 0.10318509888235486
2557 0.10318509888235486
2560 0.10318509888235486
2572 0.10318509888235486
2573 0.10318509888235486
2574 0.10318509888235486
2575 0.10318509888235486
2579 0.10318509888235486
2592 0.10318509888235486
2593 0.10318509888235486
2613 0.10318509888235486
2614 0.10318509888235486
2621 0.10318509888235486
2622 0.10318509888235486
2623 0.10318509888235486
2630 0.10318509888235486
2669 0.1825480791058839
2670 0.1825480791058839
2703 0.1168307706277657
2704 0.1168307706277657
2708 0.09346461650221256
2709 0.09346461650221256
2739 0.09346461650221256
2740 0.09346461650221256
2743 0.09346461650221256
2753 0.09346461650221256
2762 0.09346461650221256
2776 0.09346461650221256
2779 0.07477169320177006
2787 0.05981735456141605
2791 0.047853883649132845
2793 0.047853883649132845
2801 0.03828310691930628
2812 0.03828310691930628
2838 0.03828310691930628
2840 0.030626485535445027
2843 0.12450118842835603
2848 0.09960095074268482
2850 0.07968076059414786
2852 0.06374460847531829
2855 0.05099568678025464
2868 0.14079654942420372
2872 0.11263723953936298
2874 0.0901097916314904
2876 0.07208783330519232
2878 0.05767026664415386
2903 0.04613621331532309
2910 0.1369089706522585
2933 0.1095271765218068
2936 0.08762174121744544
2940 0.05607791437916509
2947 0.044862331503332076
2961 0.044862331503332076
2964 0.044862331503332076
2965 0.044862331503332076
2978 0.03588986520266566
2980 0.03588986520266566
3006 0.12296951372970603
3013 0.12296951372970603
3019 0.12296951372970603
3021 0.12296951372970603
3022 0.12296951372970603
3031 0.12296951372970603
3038 0.09837561098376484
3047 0.09837561098376484
3072 0.09837561098376484
3090 0.09837561098376484
3097 0.09837561098376484
3101 0.07870048878701187
3108 0.07870048878701187
3109 0.07870048878701187
3115 0.07870048878701187
3116 0.07870048878701187
3123 0.07870048878701187
3142 0.0629603910296095
3143 0.0629603910296095
3163 0.0629603910296095
3175 0.0629603910296095
3181 0.0629603910296095
3186 0.0629603910296095
3194 0.0629603910296095
3203 0.0629603910296095
3218 0.0629603910296095
3219 0.0629603910296095
3230 0.0629603910296095
3231 0.0629603910296095
3232 0.0629603910296095
3233 0.0629603910296095
3241 0.0629603910296095
3244 0.0629603910296095
3252 0.0629603910296095
3253 0.0629603910296095
3254 0.0629603910296095
3267 0.0629603910296095
3268 0.0629603910296095
3275 0.0629603910296095
3276 0.0629603910296095
3293 0.0503683128236876
3294 0.0503683128236876
3304 0.040294650258950085
3325 0.040294650258950085
3332 0.040294650258950085
3356 0.040294650258950085
3357 0.040294650258950085
3368 0.040294650258950085
3393 0.040294650258950085
3402 0.040294650258950085
3403 0.040294650258950085
3405 0.040294650258950085
3408 0.03223572020716007
3411 0.025788576165728057
3412 0.025788576165728057
3430 0.020630860932582446
3439 0.020630860932582446
3442 0.020630860932582446
3444 0.01650468874606596
3446 0.013203750996852767
3448 0.010563000797482215
3450 0.008450400637985772
3455 0.10676032051038863
3458 0.0854082564083109
3470 0.06832660512664872
3479 0.05466128410131898
3483 0.04372902728105518
3485 0.034983221824844146
3498 0.027986577459875317
3500 0.022389261967900254
3506 0.017911409574320202
3521 0.014329127659456162
3523 0.01146330212756493
3528 0.007336513361641556
3530 0.005869210689313245
3538 0.004695368551450596
3541 0.003756294841160477
3543 0.003005035872928382
3545 0.0024040286983427056
3547 0.0019232229586741646
3550 0.0015385783669393319
3555 9.846901548411725E-4
3563 7.87752123872938E-4
3568 6.302016990983504E-4
3591 5.041613592786804E-4
3603 4.0332908742294433E-4
3605 3.2266326993835547E-4
3607 2.5813061595068436E-4
3620 2.065044927605475E-4
3623 1.65203594208438E-4
3650 1.3216287536675043E-4
3662 1.3216287536675043E-4
3663 1.3216287536675043E-4
3670 1.3216287536675043E-4
3675 1.3216287536675043E-4
3680 1.3216287536675043E-4
3688 1.3216287536675043E-4
3712 1.0573030029340034E-4
3713 1.0573030029340034E-4
3716 1.0573030029340034E-4
3747 1.0573030029340034E-4
3759 1.0573030029340034E-4
3761 8.458424023472028E-5
3763 8.458424023472028E-5
3764 8.458424023472028E-5
3765 8.458424023472028E-5
3767 8.458424023472028E-5
3781 8.458424023472028E-5
3792 8.458424023472028E-5
3821 8.458424023472028E-5
3829 8.458424023472028E-5
3835 8.458424023472028E-5
3853 6.766739218777622E-5
3854 6.766739218777622E-5
3855 6.766739218777622E-5
3864 6.766739218777622E-5
3865 6.766739218777622E-5
3868 5.413391375022098E-5
3869 5.413391375022098E-5
3899 5.413391375022098E-5
3903 4.330713100017679E-5
3911 4.330713100017679E-5
3913 4.330713100017679E-5
3923 4.330713100017679E-5
3924 4.330713100017679E-5
3930 4.330713100017679E-5
3942 4.330713100017679E-5
3944 4.330713100017679E-5
3955 4.330713100017679E-5
3958 4.330713100017679E-5
3964 4.330713100017679E-5
3965 4.330713100017679E-5
3997 4.330713100017679E-5
4016 4.330713100017679E-5
4043 4.330713100017679E-5
4121 4.330713100017679E-5
4145 4.330713100017679E-5
4152 4.330713100017679E-5
4153 4.330713100017679E-5
4158 4.330713100017679E-5
4166 3.464570480014143E-5
4169 3.464570480014143E-5
4176 3.464570480014143E-5
4189 3.464570480014143E-5
4211 3.464570480014143E-5
4222 3.464570480014143E-5
4224 3.464570480014143E-5
4228 3.464570480014143E-5
4229 3.464570480014143E-5
4231 3.464570480014143E-5
4232 3.464570480014143E-5
4235 3.464570480014143E-5
4236 3.464570480014143E-5
4240 3.464570480014143E-5
4286 3.464570480014143E-5
4296 3.464570480014143E-5
4298 3.464570480014143E-5
4299 3.464570480014143E-5
4304 2.7716563840113146E-5
4305 2.7716563840113146E-5
4306 2.7716563840113146E-5
4334 2.7716563840113146E-5
4346 2.7716563840113146E-5
4347 2.7716563840113146E-5
4354 2.7716563840113146E-5
4355 2.7716563840113146E-5
4372 2.7716563840113146E-5
4374 2.7716563840113146E-5
4388 2.7716563840113146E-5
4404 2.7716563840113146E-5
4405 2.7716563840113146E-5
4419 2.7716563840113146E-5
4434 2.7716563840113146E-5
4445 2.7716563840113146E-5
4446 2.7716563840113146E-5
4447 2.7716563840113146E-5
4452 2.7716563840113146E-5
4453 2.7716563840113146E-5
4494 2.7716563840113146E-5
4526 2.217325107209052E-5
4529 2.217325107209052E-5
4535 2.217325107209052E-5
4539 1.7738600857672416E-5
4561 1.7738600857672416E-5
4565 1.7738600857672416E-5
4570 1.7738600857672416E-5
4575 1.7738600857672416E-5
4580 1.7738600857672416E-5
4583 1.4190880686137933E-5
4618 1.1352704548910347E-5
4623 1.1352704548910347E-5
4638 1.1352704548910347E-5
4642 1.1352704548910347E-5
4653 1.1352704548910347E-5
4663 1.1352704548910347E-5
4664 1.1352704548910347E-5
4665 1.1352704548910347E-5
4666 1.1352704548910347E-5
4686 1.1352704548910347E-5
4701 1.1352704548910347E-5
4721 1.1352704548910347E-5
4739 1.1352704548910347E-5
4751 1.1352704548910347E-5
4765 1.1352704548910347E-5
4780 1.1352704548910347E-5
4781 1.1352704548910347E-5
4785 9.082163639128278E-6
4786 9.082163639128278E-6
4787 9.082163639128278E-6
4797 9.082163639128278E-6
4798 9.082163639128278E-6
4799 9.082163639128278E-6
4809 9.082163639128278E-6
4810 9.082163639128278E-6
4813 9.082163639128278E-6
4824 9.082163639128278E-6
4843 9.082163639128278E-6
4859 9.082163639128278E-6
4867 9.082163639128278E-6
4876 9.082163639128278E-6
4889 9.082163639128278E-6
4904 9.082163639128278E-6
4925 9.082163639128278E-6
4926 9.082163639128278E-6
4930 9.082163639128278E-6
4931 9.082163639128278E-6
4932 9.082163639128278E-6
4941 9.082163639128278E-6
4952 9.082163639128278E-6
4960 9.082163639128278E-6
4968 9.082163639128278E-6
5006 9.082163639128278E-6
5021 9.082163639128278E-6
5030 9.082163639128278E-6
5031 9.082163639128278E-6
5040 9.082163639128278E-6
5052 9.082163639128278E-6
5068 9.082163639128278E-6
5070 9.082163639128278E-6
5121 7.265730911302623E-6
5142 7.265730911302623E-6
5143 7.265730911302623E-6
5151 7.265730911302623E-6
5152 7.265730911302623E-6
5157 7.265730911302623E-6
5158 7.265730911302623E-6
5159 7.265730911302623E-6
5210 7.265730911302623E-6
5211 7.265730911302623E-6
5212 7.265730911302623E-6
5213 7.265730911302623E-6
5214 7.265730911302623E-6
5228 7.265730911302623E-6
5235 5.812584729042098E-6
5236 5.812584729042098E-6
5237 5.812584729042098E-6
5238 5.812584729042098E-6
5242 5.812584729042098E-6
5243 5.812584729042098E-6
5251 5.812584729042098E-6
5253 5.812584729042098E-6
5270 5.812584729042098E-6
5284 5.812584729042098E-6
5298 5.812584729042098E-6
5299 5.812584729042098E-6
5311 5.812584729042098E-6
5325 5.812584729042098E-6
5326 5.812584729042098E-6
5348 4.650067783233679E-6
5364 4.650067783233679E-6
5365 4.650067783233679E-6
5372 4.650067783233679E-6
5377 4.650067783233679E-6
5386 4.650067783233679E-6
5387 4.650067783233679E-6
5388 4.650067783233679E-6
5389 4.650067783233679E-6
5397 4.650067783233679E-6
5410 4.650067783233679E-6
5411 4.650067783233679E-6
5414 4.650067783233679E-6
5428 3.7200542265869434E-6
5436 3.7200542265869434E-6
5437 3.7200542265869434E-6
5439 3.7200542265869434E-6
5448 3.7200542265869434E-6
5476 3.7200542265869434E-6
5511 3.7200542265869434E-6
5527 3.7200542265869434E-6
5530 3.7200542265869434E-6
5540 3.7200542265869434E-6
5560 3.7200542265869434E-6
5561 3.7200542265869434E-6
5565 3.7200542265869434E-6
5585 3.7200542265869434E-6
5586 3.7200542265869434E-6
5588 3.7200542265869434E-6
5589 3.7200542265869434E-6
5590 3.7200542265869434E-6
5603 3.7200542265869434E-6
5607 3.7200542265869434E-6
5611 3.7200542265869434E-6
5612 3.7200542265869434E-6
5613 3.7200542265869434E-6
5627 3.7200542265869434E-6
5635 3.7200542265869434E-6
5636 3.7200542265869434E-6
5638 3.7200542265869434E-6
5667 3.7200542265869434E-6
5668 3.7200542265869434E-6
5669 3.7200542265869434E-6
5671 3.7200542265869434E-6
5672 3.7200542265869434E-6
5673 3.7200542265869434E-6
5682 3.7200542265869434E-6
5701 3.7200542265869434E-6
5704 3.7200542265869434E-6
5712 3.7200542265869434E-6
5724 3.7200542265869434E-6
5738 2.9760433812695548E-6
5739 2.9760433812695548E-6
5744 2.9760433812695548E-6
5754 2.9760433812695548E-6
5768 1.9046677640125152E-6
5769 1.9046677640125152E-6
5774 1.9046677640125152E-6
5775 1.9046677640125152E-6
5789 1.9046677640125152E-6
5795 1.9046677640125152E-6
5820 1.9046677640125152E-6
5821 1.9046677640125152E-6
5830 1.9046677640125152E-6
5831 1.9046677640125152E-6
5838 1.9046677640125152E-6
5872 1.9046677640125152E-6
5873 1.9046677640125152E-6
5875 1.9046677640125152E-6
5881 1.9046677640125152E-6
5899 1.9046677640125152E-6
5921 1.9046677640125152E-6
5928 1.9046677640125152E-6
5939 1.9046677640125152E-6
5957 1.9046677640125152E-6
5964 1.9046677640125152E-6
5989 1.9046677640125152E-6
5990 1.9046677640125152E-6
6000 1.9046677640125152E-6
6002 1.9046677640125152E-6
6003 1.9046677640125152E-6
6004 1.9046677640125152E-6
6013 1.9046677640125152E-6
6018 1.9046677640125152E-6
6024 1.9046677640125152E-6
6048 1.9046677640125152E-6
6052 1.9046677640125152E-6
6073 1.9046677640125152E-6
6074 1.9046677640125152E-6
6076 1.9046677640125152E-6
6077 1.9046677640125152E-6
6078 1.9046677640125152E-6
6089 1.9046677640125152E-6
6097 1.9046677640125152E-6
6102 1.9046677640125152E-6
6110 1.9046677640125152E-6
6116 1.9046677640125152E-6
6125 1.9046677640125152E-6
6127 1.9046677640125152E-6
6128 1.9046677640125152E-6
6129 1.9046677640125152E-6
6141 1.9046677640125152E-6
6142 1.9046677640125152E-6
6159 1.9046677640125152E-6
6160 1.9046677640125152E-6
6162 1.9046677640125152E-6
6163 1.9046677640125152E-6
6164 1.9046677640125152E-6
6181 1.9046677640125152E-6
6184 1.9046677640125152E-6
6195 1.9046677640125152E-6
6203 1.9046677640125152E-6
6209 1.9046677640125152E-6
6229 1.9046677640125152E-6
6234 1.9046677640125152E-6
6242 1.9046677640125152E-6
6245 1.9046677640125152E-6
6250 1.9046677640125152E-6
6275 1.9046677640125152E-6
6276 1.9046677640125152E-6
6281 1.9046677640125152E-6
6282 1.9046677640125152E-6
6295 1.9046677640125152E-6
6296 1.9046677640125152E-6
6324 1.9046677640125152E-6
6339 1.9046677640125152E-6
6365 1.9046677640125152E-6
6366 1.9046677640125152E-6
6381 1.9046677640125152E-6
6398 1.9046677640125152E-6
6399 1.9046677640125152E-6
6422 1.5237342112100123E-6
6423 1.5237342112100123E-6
6426 1.5237342112100123E-6
6438 1.5237342112100123E-6
6442 1.5237342112100123E-6
6450 1.5237342112100123E-6
6453 1.5237342112100123E-6
6454 1.5237342112100123E-6
6455 1.5237342112100123E-6
6458 1.5237342112100123E-6
6464 1.5237342112100123E-6
6474 1.5237342112100123E-6
6476 1.5237342112100123E-6
6477 1.5237342112100123E-6
6478 1.5237342112100123E-6
6485 1.5237342112100123E-6
6491 1.5237342112100123E-6
6507 1.5237342112100123E-6
6513 1.5237342112100123E-6
6522 1.5237342112100123E-6
6535 1.5237342112100123E-6
6536 1.5237342112100123E-6
6537 1.5237342112100123E-6
6543 1.5237342112100123E-6
6565 1.5237342112100123E-6
6566 1.5237342112100123E-6
6567 1.5237342112100123E-6
6568 1.5237342112100123E-6
6571 1.5237342112100123E-6
6572 1.5237342112100123E-6
6581 1.5237342112100123E-6
6590 1.5237342112100123E-6
6591 1.5237342112100123E-6
6608 1.21898736896801E-6
6629 1.21898736896801E-6
6630 1.21898736896801E-6
6639 1.21898736896801E-6
6642 1.21898736896801E-6
6643 1.21898736896801E-6
6647 1.21898736896801E-6
6664 1.21898736896801E-6
6665 1.21898736896801E-6
6667 1.21898736896801E-6
6668 1.21898736896801E-6
6669 1.21898736896801E-6
6672 1.21898736896801E-6
6682 1.21898736896801E-6
6692 1.21898736896801E-6
6705 1.21898736896801E-6
6706 1.21898736896801E-6
6731 1.21898736896801E-6
6744 1.21898736896801E-6
6745 1.21898736896801E-6
6746 1.21898736896801E-6
6751 1.21898736896801E-6
6777 1.21898736896801E-6
6781 1.21898736896801E-6
6795 1.21898736896801E-6
6796 1.21898736896801E-6
6798 1.21898736896801E-6
6813 1.21898736896801E-6
6814 1.21898736896801E-6
6855 1.21898736896801E-6
6869 1.21898736896801E-6
6890 1.21898736896801E-6
6891 1.21898736896801E-6
6892 1.21898736896801E-6
6896 1.21898736896801E-6
6897 1.21898736896801E-6
6910 1.21898736896801E-6
6912 1.21898736896801E-6
6916 1.21898736896801E-6
6920 1.21898736896801E-6
6926 1.21898736896801E-6
6927 1.21898736896801E-6
6930 1.21898736896801E-6
6931 1.21898736896801E-6
6957 1.21898736896801E-6
6988 1.21898736896801E-6
6990 1.21898736896801E-6
7000 1.21898736896801E-6
7008 1.21898736896801E-6
7009 1.21898736896801E-6
7017 1.21898736896801E-6
7043 9.75189895174408E-7
7050 9.75189895174408E-7
7055 9.75189895174408E-7
7062 9.75189895174408E-7
7071 9.75189895174408E-7
7077 9.75189895174408E-7
7094 9.75189895174408E-7
7097 9.75189895174408E-7
7104 9.75189895174408E-7
7105 9.75189895174408E-7
7106 9.75189895174408E-7
7107 9.75189895174408E-7
7108 9.75189895174408E-7
7126 9.75189895174408E-7
7134 9.75189895174408E-7
7135 9.75189895174408E-7
7140 9.75189895174408E-7
7141 9.75189895174408E-7
7151 9.75189895174408E-7
7152 9.75189895174408E-7
7155 9.75189895174408E-7
7160 9.75189895174408E-7
7161 9.75189895174408E-7
7181 9.75189895174408E-7
7199 9.75189895174408E-7
7220 7.801519161395265E-7
7224 7.801519161395265E-7
7229 7.801519161395265E-7
7236 7.801519161395265E-7
7237 7.801519161395265E-7
7244 7.801519161395265E-7
7245 7.801519161395265E-7
7249 7.801519161395265E-7
7265 7.801519161395265E-7
7277 7.801519161395265E-7
7298 7.801519161395265E-7
7301 7.801519161395265E-7
7320 7.801519161395265E-7
7322 7.801519161395265E-7
7331 7.801519161395265E-7
7336 7.801519161395265E-7
7362 7.801519161395265E-7
7372 7.801519161395265E-7
7398 7.801519161395265E-7
7419 7.801519161395265E-7
7427 7.801519161395265E-7
7435 7.801519161395265E-7
7439 7.801519161395265E-7
7455 7.801519161395265E-7
7456 7.801519161395265E-7
7484 7.801519161395265E-7
7485 7.801519161395265E-7
7500 7.801519161395265E-7
7504 7.801519161395265E-7
7517 7.801519161395265E-7
7523 7.801519161395265E-7
7525 7.801519161395265E-7
7532 7.801519161395265E-7
7534 7.801519161395265E-7
7535 7.801519161395265E-7
7536 7.801519161395265E-7
7537 7.801519161395265E-7
7551 7.801519161395265E-7
7561 7.801519161395265E-7
7563 7.801519161395265E-7
7564 7.801519161395265E-7
7574 7.801519161395265E-7
7579 7.801519161395265E-7
7582 7.801519161395265E-7
7583 7.801519161395265E-7
7584 7.801519161395265E-7
7592 7.801519161395265E-7
7593 7.801519161395265E-7
7604 7.801519161395265E-7
7605 7.801519161395265E-7
7606 7.801519161395265E-7
7611 7.801519161395265E-7
7624 7.801519161395265E-7
7634 7.801519161395265E-7
7635 7.801519161395265E-7
7642 7.801519161395265E-7
7646 7.801519161395265E-7
7647 7.801519161395265E-7
7648 7.801519161395265E-7
7656 7.801519161395265E-7
7660 7.801519161395265E-7
7661 7.801519161395265E-7
7662 7.801519161395265E-7
7668 7.801519161395265E-7
7669 7.801519161395265E-7
7670 7.801519161395265E-7
7671 7.801519161395265E-7
7679 7.801519161395265E-7
7680 7.801519161395265E-7
7683 7.801519161395265E-7
7684 7.801519161395265E-7
7691 7.801519161395265E-7
7706 7.801519161395265E-7
7707 7.801519161395265E-7
7709 7.801519161395265E-7
7712 7.801519161395265E-7
7713 7.801519161395265E-7
7714 7.801519161395265E-7
7715 7.801519161395265E-7
7716 7.801519161395265E-7
7717 7.801519161395265E-7
7718 7.801519161395265E-7
7719 7.801519161395265E-7
7735 7.801519161395265E-7
7741 7.801519161395265E-7
7754 7.801519161395265E-7
7755 7.801519161395265E-7
7756 7.801519161395265E-7
7761 7.801519161395265E-7
7772 7.801519161395265E-7
7783 7.801519161395265E-7
7784 7.801519161395265E-7
7786 7.801519161395265E-7
7789 7.801519161395265E-7
7798 7.801519161395265E-7
7799 7.801519161395265E-7
7802 7.801519161395265E-7
7803 7.801519161395265E-7
7806 6.241215329116212E-7
7807 6.241215329116212E-7
7833 6.241215329116212E-7
7838 6.241215329116212E-7
7846 6.241215329116212E-7
7850 6.241215329116212E-7
7851 6.241215329116212E-7
7864 6.241215329116212E-7
7877 6.241215329116212E-7
7891 6.241215329116212E-7
7903 6.241215329116212E-7
7910 6.241215329116212E-7
7911 6.241215329116212E-7
7912 6.241215329116212E-7
7913 6.241215329116212E-7
7928 6.241215329116212E-7
7933 6.241215329116212E-7
7953 6.241215329116212E-7
7954 6.241215329116212E-7
7959 6.241215329116212E-7
7960 6.241215329116212E-7
7981 6.241215329116212E-7
7982 6.241215329116212E-7
7997 6.241215329116212E-7
8001 6.241215329116212E-7
8007 6.241215329116212E-7
8008 6.241215329116212E-7
8016 6.241215329116212E-7
8017 6.241215329116212E-7
8028 6.241215329116212E-7
8029 6.241215329116212E-7
8031 6.241215329116212E-7
8032 6.241215329116212E-7
8040 6.241215329116212E-7
8050 6.241215329116212E-7
8052 6.241215329116212E-7
8053 6.241215329116212E-7
8054 6.241215329116212E-7
8068 6.241215329116212E-7
8071 6.241215329116212E-7
8084 6.241215329116212E-7
8095 6.241215329116212E-7
8103 6.241215329116212E-7
8104 6.241215329116212E-7
8105 6.241215329116212E-7
8106 6.241215329116212E-7
8107 6.241215329116212E-7
8113 6.241215329116212E-7
8116 6.241215329116212E-7
8118 6.241215329116212E-7
8121 6.241215329116212E-7
8127 6.241215329116212E-7
8143 6.241215329116212E-7
8144 6.241215329116212E-7
8157 6.241215329116212E-7
8165 6.241215329116212E-7
8167 6.241215329116212E-7
8174 6.241215329116212E-7
8179 6.241215329116212E-7
8180 6.241215329116212E-7
8210 6.241215329116212E-7
8218 6.241215329116212E-7
8219 6.241215329116212E-7
8225 6.241215329116212E-7
8226 6.241215329116212E-7
8291 6.241215329116212E-7
8307 6.241215329116212E-7
8315 6.241215329116212E-7
8316 6.241215329116212E-7
8317 6.241215329116212E-7
8318 6.241215329116212E-7
8338 6.241215329116212E-7
8339 6.241215329116212E-7
8349 6.241215329116212E-7
8353 6.241215329116212E-7
8354 6.241215329116212E-7
8366 6.241215329116212E-7
8370 6.241215329116212E-7
8387 6.241215329116212E-7
8413 6.241215329116212E-7
8414 6.241215329116212E-7
8415 6.241215329116212E-7
8466 6.241215329116212E-7
8482 6.241215329116212E-7
8497 6.241215329116212E-7
8517 6.241215329116212E-7
8526 6.241215329116212E-7
8527 6.241215329116212E-7
8528 6.241215329116212E-7
8546 6.241215329116212E-7
8554 6.241215329116212E-7
8576 6.241215329116212E-7
8587 6.241215329116212E-7
8594 6.241215329116212E-7
8595 6.241215329116212E-7
8603 6.241215329116212E-7
8604 6.241215329116212E-7
8612 6.241215329116212E-7
8618 6.241215329116212E-7
8634 6.241215329116212E-7
8638 6.241215329116212E-7
8664 6.241215329116212E-7
8665 6.241215329116212E-7
8671 6.241215329116212E-7
8672 6.241215329116212E-7
8673 6.241215329116212E-7
8681 6.241215329116212E-7
8683 6.241215329116212E-7
8698 6.241215329116212E-7
8700 6.241215329116212E-7
8701 6.241215329116212E-7
8702 6.241215329116212E-7
8706 6.241215329116212E-7
8717 6.241215329116212E-7
8723 6.241215329116212E-7
8731 6.241215329116212E-7
8732 6.241215329116212E-7
8733 6.241215329116212E-7
8734 6.241215329116212E-7
8736 6.241215329116212E-7
8749 6.241215329116212E-7
8751 6.241215329116212E-7
8787 6.241215329116212E-7
8790 6.241215329116212E-7
8796 6.241215329116212E-7
8797 6.241215329116212E-7
8811 6.241215329116212E-7
8813 6.241215329116212E-7
8814 6.241215329116212E-7
8815 6.241215329116212E-7
8839 6.241215329116212E-7
8840 6.241215329116212E-7
8848 6.241215329116212E-7
8849 6.241215329116212E-7
8850 6.241215329116212E-7
8859 6.241215329116212E-7
8861 6.241215329116212E-7
8862 6.241215329116212E-7
8872 6.241215329116212E-7
8881 6.241215329116212E-7
8898 6.241215329116212E-7
8912 6.241215329116212E-7
8925 6.241215329116212E-7
8937 6.241215329116212E-7
8962 6.241215329116212E-7
8963 6.241215329116212E-7
8964 6.241215329116212E-7
8965 6.241215329116212E-7
8969 6.241215329116212E-7
8989 6.241215329116212E-7
8990 6.241215329116212E-7
8998 6.241215329116212E-7
9006 6.241215329116212E-7
9013 6.241215329116212E-7
9014 6.241215329116212E-7
9016 6.241215329116212E-7
9017 6.241215329116212E-7
9019 6.241215329116212E-7
9035 6.241215329116212E-7
9036 6.241215329116212E-7
9044 6.241215329116212E-7
9060 6.241215329116212E-7
9061 6.241215329116212E-7
9067 6.241215329116212E-7
9068 6.241215329116212E-7
9086 6.241215329116212E-7
9105 6.241215329116212E-7
9120 6.241215329116212E-7
9121 6.241215329116212E-7
9135 6.241215329116212E-7
9142 6.241215329116212E-7
9153 6.241215329116212E-7
9161 6.241215329116212E-7
9162 6.241215329116212E-7
9169 6.241215329116212E-7
9180 6.241215329116212E-7
9191 6.241215329116212E-7
9193 6.241215329116212E-7
9198 6.241215329116212E-7
9199 6.241215329116212E-7
9200 6.241215329116212E-7
9214 6.241215329116212E-7
9239 6.241215329116212E-7
9243 6.241215329116212E-7
9257 6.241215329116212E-7
9260 6.241215329116212E-7
9264 6.241215329116212E-7
9279 6.241215329116212E-7
9280 6.241215329116212E-7
9312 6.241215329116212E-7
9314 6.241215329116212E-7
9328 6.241215329116212E-7
9330 6.241215329116212E-7
9348 6.241215329116212E-7
9350 6.241215329116212E-7
9354 6.241215329116212E-7
9359 6.241215329116212E-7
9380 6.241215329116212E-7
9381 6.241215329116212E-7
9382 6.241215329116212E-7
9406 6.241215329116212E-7
9407 6.241215329116212E-7
9415 6.241215329116212E-7
9416 6.241215329116212E-7
9417 6.241215329116212E-7
9418 6.241215329116212E-7
9430 6.241215329116212E-7
9431 6.241215329116212E-7
9432 6.241215329116212E-7
9433 6.241215329116212E-7
9434 6.241215329116212E-7
9447 6.241215329116212E-7
9448 6.241215329116212E-7
9449 6.241215329116212E-7
9452 6.241215329116212E-7
9461 6.241215329116212E-7
9465 6.241215329116212E-7
9478 6.241215329116212E-7
9488 6.241215329116212E-7
9517 6.241215329116212E-7
9527 6.241215329116212E-7
9532 6.241215329116212E-7
9536 6.241215329116212E-7
9544 6.241215329116212E-7
9545 6.241215329116212E-7
9546 6.241215329116212E-7
9548 6.241215329116212E-7
9549 6.241215329116212E-7
9550 6.241215329116212E-7
9568 6.241215329116212E-7
9584 6.241215329116212E-7
9585 6.241215329116212E-7
9589 6.241215329116212E-7
9602 6.241215329116212E-7
9613 6.241215329116212E-7
9614 6.241215329116212E-7
9615 6.241215329116212E-7
9616 6.241215329116212E-7
9617 6.241215329116212E-7
9631 6.241215329116212E-7
9632 6.241215329116212E-7
9633 6.241215329116212E-7
9636 6.241215329116212E-7
9646 6.241215329116212E-7
9647 6.241215329116212E-7
9660 6.241215329116212E-7
9666 6.241215329116212E-7
9667 6.241215329116212E-7
9669 6.241215329116212E-7
9670 6.241215329116212E-7
9678 6.241215329116212E-7
9679 6.241215329116212E-7
9680 6.241215329116212E-7
9681 6.241215329116212E-7
9682 6.241215329116212E-7
9683 6.241215329116212E-7
9684 6.241215329116212E-7
9685 6.241215329116212E-7
9703 6.241215329116212E-7
9708 6.241215329116212E-7
9747 4.99297226329297E-7
9749 4.99297226329297E-7
9750 4.99297226329297E-7
9764 4.99297226329297E-7
9766 4.99297226329297E-7
9767 4.99297226329297E-7
9775 4.99297226329297E-7
9776 4.99297226329297E-7
9793 4.99297226329297E-7
9794 4.99297226329297E-7
9795 4.99297226329297E-7
9796 4.99297226329297E-7
9798 4.99297226329297E-7
9799 4.99297226329297E-7
9800 4.99297226329297E-7
9821 4.99297226329297E-7
9834 4.99297226329297E-7
9835 4.99297226329297E-7
9840 4.99297226329297E-7
9841 4.99297226329297E-7
9849 4.99297226329297E-7
9860 4.99297226329297E-7
9882 4.99297226329297E-7
9890 4.99297226329297E-7
9893 4.99297226329297E-7
9894 4.99297226329297E-7
9932 4.99297226329297E-7
9934 4.99297226329297E-7
9935 4.99297226329297E-7
9936 4.99297226329297E-7
9937 4.99297226329297E-7
9949 4.99297226329297E-7
9953 4.99297226329297E-7
9954 4.99297226329297E-7
9955 4.99297226329297E-7
9967 4.99297226329297E-7
9968 4.99297226329297E-7
9969 4.99297226329297E-7
9970 4.99297226329297E-7
10006 4.99297226329297E-7
10007 4.99297226329297E-7
10020 4.99297226329297E-7
10024 4.99297226329297E-7
10040 4.99297226329297E-7
10041 4.99297226329297E-7
10060 4.99297226329297E-7
10073 4.99297226329297E-7
10084 4.99297226329297E-7
10087 4.99297226329297E-7
10088 4.99297226329297E-7
10089 4.99297226329297E-7
10103 4.99297226329297E-7
10104 4.99297226329297E-7
10105 4.99297226329297E-7
10106 4.99297226329297E-7
10130 4.99297226329297E-7
10131 4.99297226329297E-7
10135 4.99297226329297E-7
10136 4.99297226329297E-7
10137 4.99297226329297E-7
10149 4.99297226329297E-7
10157 4.99297226329297E-7
10163 4.99297226329297E-7
10178 4.99297226329297E-7
10186 4.99297226329297E-7
10197 4.99297226329297E-7
10213 4.99297226329297E-7
10224 4.99297226329297E-7
10232 4.99297226329297E-7
10245 4.99297226329297E-7
10246 4.99297226329297E-7
10255 4.99297226329297E-7
10260 4.99297226329297E-7
10275 4.99297226329297E-7
10284 4.99297226329297E-7
10285 4.99297226329297E-7
10293 4.99297226329297E-7
10301 4.99297226329297E-7
10302 4.99297226329297E-7
10305 4.99297226329297E-7
10306 4.99297226329297E-7
10308 4.99297226329297E-7
10323 4.99297226329297E-7
10324 4.99297226329297E-7
10331 4.99297226329297E-7
10332 4.99297226329297E-7
10337 4.99297226329297E-7
10341 4.99297226329297E-7
10352 4.99297226329297E-7
10361 4.99297226329297E-7
10370 4.99297226329297E-7
10374 4.99297226329297E-7
10381 4.99297226329297E-7
10384 4.99297226329297E-7
10387 4.99297226329297E-7
10406 4.99297226329297E-7
10412 4.99297226329297E-7
10419 4.99297226329297E-7
10420 4.99297226329297E-7
10423 4.99297226329297E-7
10435 4.99297226329297E-7
10436 4.99297226329297E-7
10438 4.99297226329297E-7
10462 4.99297226329297E-7
10482 4.99297226329297E-7
10483 4.99297226329297E-7
10492 4.99297226329297E-7
10497 4.99297226329297E-7
10498 4.99297226329297E-7
10522 4.99297226329297E-7
10526 4.99297226329297E-7
10530 4.99297226329297E-7
10552 4.99297226329297E-7
10555 4.99297226329297E-7
10556 4.99297226329297E-7
10557 4.99297226329297E-7
10563 4.99297226329297E-7
10565 4.99297226329297E-7
10582 4.99297226329297E-7
10587 4.99297226329297E-7
10592 4.99297226329297E-7
10603 4.99297226329297E-7
10626 4.99297226329297E-7
10628 4.99297226329297E-7
10634 4.99297226329297E-7
10636 4.99297226329297E-7
10641 4.99297226329297E-7
10649 4.99297226329297E-7
10654 4.99297226329297E-7
10674 4.99297226329297E-7
10676 4.99297226329297E-7
10691 4.99297226329297E-7
10698 4.99297226329297E-7
10699 4.99297226329297E-7
10700 4.99297226329297E-7
10701 4.99297226329297E-7
10702 4.99297226329297E-7
10705 4.99297226329297E-7
10713 4.99297226329297E-7
10726 4.99297226329297E-7
10727 4.99297226329297E-7
10728 4.99297226329297E-7
10730 4.99297226329297E-7
10752 4.99297226329297E-7
10753 4.99297226329297E-7
10762 4.99297226329297E-7
10763 4.99297226329297E-7
10766 4.99297226329297E-7
10767 4.99297226329297E-7
10779 4.99297226329297E-7
10780 4.99297226329297E-7
10786 4.99297226329297E-7
10787 4.99297226329297E-7
10799 4.99297226329297E-7
10808 4.99297226329297E-7
10809 4.99297226329297E-7
10810 4.99297226329297E-7
10815 4.99297226329297E-7
10824 4.99297226329297E-7
10833 4.99297226329297E-7
10851 4.99297226329297E-7
10852 4.99297226329297E-7
10861 4.99297226329297E-7
10892 4.99297226329297E-7
10894 4.99297226329297E-7
10895 4.99297226329297E-7
10900 4.99297226329297E-7
10901 4.99297226329297E-7
10914 4.99297226329297E-7
10919 4.99297226329297E-7
10927 4.99297226329297E-7
10941 4.99297226329297E-7
10942 4.99297226329297E-7
10944 4.99297226329297E-7
10955 4.99297226329297E-7
10959 4.99297226329297E-7
10972 4.99297226329297E-7
10989 4.99297226329297E-7
11025 4.99297226329297E-7
11029 4.99297226329297E-7
11037 4.99297226329297E-7
11048 4.99297226329297E-7
11050 4.99297226329297E-7
11062 4.99297226329297E-7
11067 4.99297226329297E-7
11080 4.99297226329297E-7
11099 4.99297226329297E-7
11100 4.99297226329297E-7
11102 4.99297226329297E-7
11103 4.99297226329297E-7
11104 4.99297226329297E-7
11106 4.99297226329297E-7
11111 4.99297226329297E-7
11112 4.99297226329297E-7
11123 4.99297226329297E-7
11124 4.99297226329297E-7
11126 4.99297226329297E-7
11141 4.99297226329297E-7
11142 4.99297226329297E-7
11151 4.99297226329297E-7
11162 4.99297226329297E-7
11163 4.99297226329297E-7
11164 4.99297226329297E-7
11170 4.99297226329297E-7
11193 4.99297226329297E-7
11195 4.99297226329297E-7
11196 4.99297226329297E-7
11197 4.99297226329297E-7
11198 4.99297226329297E-7
11225 4.99297226329297E-7
11230 4.99297226329297E-7
11246 4.99297226329297E-7
11247 4.99297226329297E-7
11248 4.99297226329297E-7
11249 4.99297226329297E-7
11252 4.99297226329297E-7
11255 3.994377810634376E-7
11261 3.994377810634376E-7
11274 3.994377810634376E-7
11288 3.994377810634376E-7
11300 3.994377810634376E-7
11314 3.994377810634376E-7
11315 3.994377810634376E-7
11329 3.994377810634376E-7
11364 3.994377810634376E-7
11402 3.994377810634376E-7
11414 3.994377810634376E-7
11415 3.994377810634376E-7
11427 3.994377810634376E-7
11440 3.994377810634376E-7
11445 3.994377810634376E-7
11460 3.994377810634376E-7
11467 3.994377810634376E-7
11475 3.994377810634376E-7
11489 3.994377810634376E-7
11491 3.994377810634376E-7
11493 3.994377810634376E-7
11509 3.994377810634376E-7
11510 3.994377810634376E-7
11512 3.994377810634376E-7
11513 3.994377810634376E-7
11521 3.994377810634376E-7
11522 3.994377810634376E-7
11549 3.994377810634376E-7
11559 3.994377810634376E-7
11574 3.994377810634376E-7
11575 3.994377810634376E-7
11586 3.994377810634376E-7
11594 3.994377810634376E-7
11604 3.994377810634376E-7
11605 3.994377810634376E-7
11606 3.994377810634376E-7
11607 3.994377810634376E-7
11608 3.994377810634376E-7
11627 3.994377810634376E-7
11644 3.195502248507501E-7
11652 3.195502248507501E-7
11655 3.195502248507501E-7
11664 3.195502248507501E-7
11702 3.195502248507501E-7
11703 3.195502248507501E-7
11704 3.195502248507501E-7
11705 3.195502248507501E-7
11706 3.195502248507501E-7
11712 3.195502248507501E-7
11725 3.195502248507501E-7
11727 3.195502248507501E-7
11741 3.195502248507501E-7
11742 3.195502248507501E-7
11746 3.195502248507501E-7
11747 3.195502248507501E-7
11750 3.195502248507501E-7
11754 3.195502248507501E-7
11761 3.195502248507501E-7
11765 3.195502248507501E-7
11777 3.195502248507501E-7
11804 3.195502248507501E-7
11807 3.195502248507501E-7
11822 3.195502248507501E-7
11826 3.195502248507501E-7
11827 3.195502248507501E-7
11841 3.195502248507501E-7
11847 3.195502248507501E-7
11848 3.195502248507501E-7
11853 3.195502248507501E-7
11864 3.195502248507501E-7
11868 3.195502248507501E-7
11869 3.195502248507501E-7
11878 3.195502248507501E-7
11880 3.195502248507501E-7
11881 3.195502248507501E-7
11882 3.195502248507501E-7
11896 3.195502248507501E-7
11900 3.195502248507501E-7
11901 3.195502248507501E-7
11902 3.195502248507501E-7
11903 3.195502248507501E-7
11914 3.195502248507501E-7
11915 3.195502248507501E-7
11932 3.195502248507501E-7
11933 3.195502248507501E-7
11934 3.195502248507501E-7
11935 3.195502248507501E-7
11936 3.195502248507501E-7
11946 3.195502248507501E-7
11951 3.195502248507501E-7
11952 3.195502248507501E-7
11969 3.195502248507501E-7
11970 3.195502248507501E-7
11973 3.195502248507501E-7
11999 3.195502248507501E-7
12000 3.195502248507501E-7
12008 3.195502248507501E-7
12020 3.195502248507501E-7
12021 3.195502248507501E-7
12030 3.195502248507501E-7
12034 3.195502248507501E-7
12035 3.195502248507501E-7
12039 3.195502248507501E-7
12047 3.195502248507501E-7
12062 3.195502248507501E-7
12065 3.195502248507501E-7
12067 3.195502248507501E-7
12079 3.195502248507501E-7
12094 3.195502248507501E-7
12115 3.195502248507501E-7
12124 3.195502248507501E-7
12128 3.195502248507501E-7
12134 3.195502248507501E-7
12144 3.195502248507501E-7
12167 3.195502248507501E-7
12180 3.195502248507501E-7
12189 3.195502248507501E-7
12190 3.195502248507501E-7
12197 3.195502248507501E-7
12198 3.195502248507501E-7
12207 3.195502248507501E-7
12211 3.195502248507501E-7
12217 3.195502248507501E-7
12221 3.195502248507501E-7
12222 3.195502248507501E-7
12226 3.195502248507501E-7
12230 3.195502248507501E-7
12235 3.195502248507501E-7
12240 3.195502248507501E-7
12250 3.195502248507501E-7
12271 3.195502248507501E-7
12274 3.195502248507501E-7
12284 3.195502248507501E-7
12299 3.195502248507501E-7
12311 3.195502248507501E-7
12312 3.195502248507501E-7
12313 3.195502248507501E-7
12330 3.195502248507501E-7
12331 3.195502248507501E-7
12347 3.195502248507501E-7
12360 3.195502248507501E-7
12361 3.195502248507501E-7
12362 3.195502248507501E-7
12363 3.195502248507501E-7
12370 3.195502248507501E-7
12374 3.195502248507501E-7
12381 3.195502248507501E-7
12389 3.195502248507501E-7
12396 3.195502248507501E-7
12397 3.195502248507501E-7
12398 3.195502248507501E-7
12412 3.195502248507501E-7
12413 3.195502248507501E-7
12414 3.195502248507501E-7
12421 3.195502248507501E-7
12437 3.195502248507501E-7
12438 3.195502248507501E-7
12447 3.195502248507501E-7
12451 3.195502248507501E-7
12452 3.195502248507501E-7
12453 3.195502248507501E-7
12469 3.195502248507501E-7
12482 3.195502248507501E-7
12483 3.195502248507501E-7
12484 3.195502248507501E-7
12485 3.195502248507501E-7
12498 3.195502248507501E-7
12499 3.195502248507501E-7
12500 3.195502248507501E-7
12502 3.195502248507501E-7
12503 3.195502248507501E-7
12517 3.195502248507501E-7
12521 3.195502248507501E-7
12531 3.195502248507501E-7
12537 3.195502248507501E-7
12539 3.195502248507501E-7
12547 3.195502248507501E-7
12548 3.195502248507501E-7
12552 3.195502248507501E-7
12553 3.195502248507501E-7
12568 3.195502248507501E-7
12569 3.195502248507501E-7
12570 3.195502248507501E-7
12576 3.195502248507501E-7
12589 3.195502248507501E-7
12594 3.195502248507501E-7
12598 3.195502248507501E-7
12611 3.195502248507501E-7
12623 3.195502248507501E-7
12642 3.195502248507501E-7
12674 3.195502248507501E-7
12686 3.195502248507501E-7
12697 3.195502248507501E-7
12704 3.195502248507501E-7
12713 3.195502248507501E-7
12719 3.195502248507501E-7
12734 3.195502248507501E-7
12735 3.195502248507501E-7
12736 3.195502248507501E-7
12737 3.195502248507501E-7
12738 3.195502248507501E-7
12739 3.195502248507501E-7
12740 3.195502248507501E-7
12751 3.195502248507501E-7
12752 3.195502248507501E-7
12753 3.195502248507501E-7
12760 3.195502248507501E-7
12761 3.195502248507501E-7
12762 3.195502248507501E-7
12763 3.195502248507501E-7
12764 3.195502248507501E-7
12765 3.195502248507501E-7
12776 3.195502248507501E-7
12777 3.195502248507501E-7
12778 3.195502248507501E-7
12789 3.195502248507501E-7
12790 3.195502248507501E-7
12794 3.195502248507501E-7
12805 3.195502248507501E-7
12823 3.195502248507501E-7
12824 3.195502248507501E-7
12839 3.195502248507501E-7
12865 3.195502248507501E-7
12884 3.195502248507501E-7
12885 3.195502248507501E-7
12900 3.195502248507501E-7
12905 3.195502248507501E-7
12919 3.195502248507501E-7
12924 3.195502248507501E-7
12929 3.195502248507501E-7
12930 3.195502248507501E-7
12931 3.195502248507501E-7
12937 3.195502248507501E-7
12938 3.195502248507501E-7
12943 3.195502248507501E-7
12944 3.195502248507501E-7
12945 3.195502248507501E-7
12963 3.195502248507501E-7
12965 3.195502248507501E-7
12966 3.195502248507501E-7
12973 3.195502248507501E-7
12977 3.195502248507501E-7
12978 3.195502248507501E-7
12988 3.195502248507501E-7
13015 3.195502248507501E-7
13025 3.195502248507501E-7
13038 3.195502248507501E-7
13039 3.195502248507501E-7
13041 3.195502248507501E-7
13047 3.195502248507501E-7
13048 3.195502248507501E-7
13095 3.195502248507501E-7
13096 3.195502248507501E-7
13111 3.195502248507501E-7
13112 3.195502248507501E-7
13132 3.195502248507501E-7
13133 3.195502248507501E-7
13137 3.195502248507501E-7
13151 3.195502248507501E-7
13152 3.195502248507501E-7
13156 3.195502248507501E-7
13168 3.195502248507501E-7
13201 3.195502248507501E-7
13204 3.195502248507501E-7
13222 3.195502248507501E-7
13223 3.195502248507501E-7
13231 3.195502248507501E-7
13232 3.195502248507501E-7
13236 3.195502248507501E-7
13245 3.195502248507501E-7
13259 3.195502248507501E-7
13261 3.195502248507501E-7
13272 3.195502248507501E-7
13277 3.195502248507501E-7
13283 3.195502248507501E-7
13290 3.195502248507501E-7
13291 3.195502248507501E-7
13306 3.195502248507501E-7
13312 3.195502248507501E-7
13313 3.195502248507501E-7
13317 3.195502248507501E-7
13318 3.195502248507501E-7
13326 3.195502248507501E-7
13327 3.195502248507501E-7
13328 3.195502248507501E-7
13330 3.195502248507501E-7
13331 3.195502248507501E-7
13332 3.195502248507501E-7
13348 3.195502248507501E-7
13349 3.195502248507501E-7
13352 3.195502248507501E-7
13359 3.195502248507501E-7
13389 3.195502248507501E-7
13390 3.195502248507501E-7
13398 3.195502248507501E-7
13402 3.195502248507501E-7
13407 3.195502248507501E-7
13417 3.195502248507501E-7
13422 3.195502248507501E-7
13435 3.195502248507501E-7
13436 3.195502248507501E-7
13443 3.195502248507501E-7
13446 3.195502248507501E-7
13449 3.195502248507501E-7
13450 3.195502248507501E-7
13457 3.195502248507501E-7
13458 3.195502248507501E-7
13464 3.195502248507501E-7
13479 3.195502248507501E-7
13481 3.195502248507501E-7
13482 3.195502248507501E-7
13483 3.195502248507501E-7
13494 3.195502248507501E-7
13504 3.195502248507501E-7
13507 3.195502248507501E-7
13520 3.195502248507501E-7
13523 3.195502248507501E-7
13551 3.195502248507501E-7
13552 3.195502248507501E-7
13566 3.195502248507501E-7
13572 3.195502248507501E-7
13578 3.195502248507501E-7
13579 3.195502248507501E-7
13583 3.195502248507501E-7
13591 3.195502248507501E-7
13605 3.195502248507501E-7
13617 3.195502248507501E-7
13632 3.195502248507501E-7
13633 3.195502248507501E-7
13635 3.195502248507501E-7
13636 3.195502248507501E-7
13637 3.195502248507501E-7
13651 3.195502248507501E-7
13661 3.195502248507501E-7
13663 3.195502248507501E-7
13683 3.195502248507501E-7
13686 3.195502248507501E-7
13709 3.195502248507501E-7
13710 3.195502248507501E-7
13717 3.195502248507501E-7
13728 3.195502248507501E-7
13729 3.195502248507501E-7
13730 3.195502248507501E-7
13731 3.195502248507501E-7
13748 3.195502248507501E-7
13750 3.195502248507501E-7
13751 3.195502248507501E-7
13752 3.195502248507501E-7
13753 3.195502248507501E-7
13754 3.195502248507501E-7
13777 3.195502248507501E-7
13778 3.195502248507501E-7
13787 3.195502248507501E-7
13791 3.195502248507501E-7
13792 3.195502248507501E-7
13805 3.195502248507501E-7
13808 3.195502248507501E-7
13837 3.195502248507501E-7
13842 3.195502248507501E-7
13847 3.195502248507501E-7
13861 3.195502248507501E-7
13869 3.195502248507501E-7
13870 3.195502248507501E-7
13875 3.195502248507501E-7
13876 3.195502248507501E-7
13877 3.195502248507501E-7
13878 3.195502248507501E-7
13887 3.195502248507501E-7
13892 3.195502248507501E-7
13911 3.195502248507501E-7
13931 3.195502248507501E-7
13936 3.195502248507501E-7
13948 3.195502248507501E-7
13958 3.195502248507501E-7
13959 3.195502248507501E-7
13967 3.195502248507501E-7
13993 3.195502248507501E-7
14008 3.195502248507501E-7
14015 3.195502248507501E-7
14025 3.195502248507501E-7
14030 3.195502248507501E-7
14054 3.195502248507501E-7
14079 3.195502248507501E-7
14095 3.195502248507501E-7
14097 3.195502248507501E-7
14098 3.195502248507501E-7
14108 3.195502248507501E-7
14120 3.195502248507501E-7
14121 3.195502248507501E-7
14135 3.195502248507501E-7
14137 3.195502248507501E-7
14138 3.195502248507501E-7
14139 3.195502248507501E-7
14154 3.195502248507501E-7
14156 3.195502248507501E-7
14161 3.195502248507501E-7
14166 3.195502248507501E-7
14167 3.195502248507501E-7
14175 3.195502248507501E-7
14187 3.195502248507501E-7
14189 3.195502248507501E-7
14196 3.195502248507501E-7
14198 3.195502248507501E-7
14205 3.195502248507501E-7
14206 3.195502248507501E-7
14211 3.195502248507501E-7
14231 3.195502248507501E-7
14232 3.195502248507501E-7
14234 3.195502248507501E-7
14241 3.195502248507501E-7
14256 3.195502248507501E-7
14257 3.195502248507501E-7
14258 3.195502248507501E-7
14259 3.195502248507501E-7
14260 3.195502248507501E-7
14276 3.195502248507501E-7
14287 3.195502248507501E-7
14289 3.195502248507501E-7
14292 3.195502248507501E-7
14303 3.195502248507501E-7
14304 3.195502248507501E-7
14307 3.195502248507501E-7
14314 3.195502248507501E-7
14321 3.195502248507501E-7
14330 3.195502248507501E-7
14335 3.195502248507501E-7
14342 3.195502248507501E-7
14344 3.195502248507501E-7
14345 3.195502248507501E-7
14363 3.195502248507501E-7
14364 3.195502248507501E-7
14383 3.195502248507501E-7
14391 3.195502248507501E-7
14392 3.195502248507501E-7
14414 3.195502248507501E-7
14415 3.195502248507501E-7
14416 3.195502248507501E-7
14417 3.195502248507501E-7
14430 3.195502248507501E-7
14431 3.195502248507501E-7
14432 3.195502248507501E-7
14433 3.195502248507501E-7
14458 3.195502248507501E-7
14465 3.195502248507501E-7
14473 3.195502248507501E-7
14492 3.195502248507501E-7
14493 3.195502248507501E-7
14494 3.195502248507501E-7
14502 3.195502248507501E-7
14506 3.195502248507501E-7
14509 3.195502248507501E-7
14515 3.195502248507501E-7
14519 3.195502248507501E-7
14523 3.195502248507501E-7
14535 3.195502248507501E-7
14536 3.195502248507501E-7
14538 3.195502248507501E-7
14539 3.195502248507501E-7
14549 3.195502248507501E-7
14551 3.195502248507501E-7
14556 3.195502248507501E-7
14559 3.195502248507501E-7
14565 3.195502248507501E-7
14570 3.195502248507501E-7
14593 3.195502248507501E-7
14594 3.195502248507501E-7
14597 3.195502248507501E-7
14598 3.195502248507501E-7
14599 3.195502248507501E-7
14611 3.195502248507501E-7
14614 3.195502248507501E-7
14620 3.195502248507501E-7
14621 3.195502248507501E-7
14641 3.195502248507501E-7
14642 3.195502248507501E-7
14643 3.195502248507501E-7
14644 3.195502248507501E-7
14650 3.195502248507501E-7
14670 3.195502248507501E-7
14681 3.195502248507501E-7
14708 3.195502248507501E-7
14714 3.195502248507501E-7
14719 3.195502248507501E-7
14730 3.195502248507501E-7
14748 3.195502248507501E-7
14764 3.195502248507501E-7
14771 3.195502248507501E-7
14772 3.195502248507501E-7
14781 3.195502248507501E-7
14784 3.195502248507501E-7
14800 3.195502248507501E-7
14801 3.195502248507501E-7
14811 3.195502248507501E-7
14818 3.195502248507501E-7
14819 3.195502248507501E-7
14821 3.195502248507501E-7
14830 3.195502248507501E-7
14831 3.195502248507501E-7
14833 3.195502248507501E-7
14834 3.195502248507501E-7
14841 3.195502248507501E-7
14848 3.195502248507501E-7
14858 3.195502248507501E-7
14862 3.195502248507501E-7
14869 3.195502248507501E-7
14871 3.195502248507501E-7
14876 3.195502248507501E-7
14889 3.195502248507501E-7
14892 3.195502248507501E-7
14900 3.195502248507501E-7
14901 3.195502248507501E-7
14909 3.195502248507501E-7
14910 3.195502248507501E-7
14911 3.195502248507501E-7
14912 3.195502248507501E-7
14921 3.195502248507501E-7
14922 3.195502248507501E-7
14926 3.195502248507501E-7
14939 3.195502248507501E-7
14940 3.195502248507501E-7
14944 3.195502248507501E-7
14950 3.195502248507501E-7
14959 3.195502248507501E-7
14960 3.195502248507501E-7
14966 3.195502248507501E-7
14967 3.195502248507501E-7
14980 3.195502248507501E-7
14983 3.195502248507501E-7
14986 2.5564017988060006E-7
14988 2.5564017988060006E-7
14995 2.5564017988060006E-7
14996 2.5564017988060006E-7
15025 2.5564017988060006E-7
15026 2.5564017988060006E-7
15038 2.5564017988060006E-7
15042 2.5564017988060006E-7
15054 2.5564017988060006E-7
15068 2.5564017988060006E-7
15080 2.5564017988060006E-7
15082 2.5564017988060006E-7
15083 2.5564017988060006E-7
15086 2.5564017988060006E-7
15095 2.5564017988060006E-7
15096 2.5564017988060006E-7
15097 2.5564017988060006E-7
15099 2.5564017988060006E-7
15119 2.5564017988060006E-7
15120 2.5564017988060006E-7
15121 2.5564017988060006E-7
15150 2.5564017988060006E-7
15151 2.5564017988060006E-7
15186 2.5564017988060006E-7
15191 2.5564017988060006E-7
15204 2.5564017988060006E-7
15205 2.5564017988060006E-7
15215 2.5564017988060006E-7
15217 2.5564017988060006E-7
15218 2.5564017988060006E-7
15220 2.5564017988060006E-7
15222 2.5564017988060006E-7
15229 2.5564017988060006E-7
15230 2.5564017988060006E-7
15234 2.5564017988060006E-7
15235 2.5564017988060006E-7
15245 2.5564017988060006E-7
15246 2.5564017988060006E-7
15247 2.5564017988060006E-7
15262 2.5564017988060006E-7
15263 2.5564017988060006E-7
15274 2.5564017988060006E-7
15275 2.5564017988060006E-7
15276 2.5564017988060006E-7
15277 2.5564017988060006E-7
15297 2.5564017988060006E-7
15298 2.5564017988060006E-7
15299 2.5564017988060006E-7
15300 2.5564017988060006E-7
15301 2.5564017988060006E-7
15302 2.5564017988060006E-7
15303 2.5564017988060006E-7
15306 2.5564017988060006E-7
15307 2.5564017988060006E-7
15319 2.5564017988060006E-7
15321 2.5564017988060006E-7
15322 2.5564017988060006E-7
15328 2.5564017988060006E-7
15337 2.5564017988060006E-7
15339 2.5564017988060006E-7
15350 2.5564017988060006E-7
15353 2.5564017988060006E-7
15354 2.5564017988060006E-7
15360 2.5564017988060006E-7
15362 2.5564017988060006E-7
15385 2.5564017988060006E-7
15390 2.5564017988060006E-7
15399 2.5564017988060006E-7
15400 2.5564017988060006E-7
15401 2.5564017988060006E-7
15414 2.5564017988060006E-7
15415 2.5564017988060006E-7
15416 2.5564017988060006E-7
15448 2.5564017988060006E-7
15449 2.5564017988060006E-7
15466 2.5564017988060006E-7
15468 2.5564017988060006E-7
15469 2.5564017988060006E-7
15477 2.5564017988060006E-7
15480 2.5564017988060006E-7
15483 2.5564017988060006E-7
15488 2.5564017988060006E-7
15489 2.5564017988060006E-7
15503 2.5564017988060006E-7
15521 2.5564017988060006E-7
15569 2.5564017988060006E-7
15575 2.5564017988060006E-7
15576 2.5564017988060006E-7
15577 2.5564017988060006E-7
15584 2.5564017988060006E-7
15585 2.5564017988060006E-7
15586 2.5564017988060006E-7
15587 2.5564017988060006E-7
15588 2.5564017988060006E-7
15600 2.5564017988060006E-7
15619 2.5564017988060006E-7
15634 2.5564017988060006E-7
15637 2.5564017988060006E-7
15648 2.5564017988060006E-7
15649 2.5564017988060006E-7
15656 2.5564017988060006E-7
15657 2.5564017988060006E-7
15667 2.5564017988060006E-7
15670 2.5564017988060006E-7
15671 2.5564017988060006E-7
15704 2.5564017988060006E-7
15709 2.5564017988060006E-7
15710 2.5564017988060006E-7
15733 2.5564017988060006E-7
15739 2.5564017988060006E-7
15747 2.5564017988060006E-7
15748 2.5564017988060006E-7
15766 2.5564017988060006E-7
15791 2.5564017988060006E-7
15835 2.5564017988060006E-7
15839 2.5564017988060006E-7
15851 2.5564017988060006E-7
15852 2.5564017988060006E-7
15853 2.5564017988060006E-7
15854 2.5564017988060006E-7
15855 2.5564017988060006E-7
15856 2.5564017988060006E-7
15869 2.5564017988060006E-7
15870 2.5564017988060006E-7
15878 2.5564017988060006E-7
15879 2.5564017988060006E-7
15887 2.5564017988060006E-7
15888 2.5564017988060006E-7
15890 2.5564017988060006E-7
15903 2.5564017988060006E-7
15906 2.5564017988060006E-7
15913 2.5564017988060006E-7
15914 2.5564017988060006E-7
15939 2.5564017988060006E-7
15943 2.5564017988060006E-7
15950 2.5564017988060006E-7
15951 2.5564017988060006E-7
15952 2.5564017988060006E-7
15953 2.5564017988060006E-7
15954 2.5564017988060006E-7
15968 2.5564017988060006E-7
15986 2.5564017988060006E-7
15996 2.5564017988060006E-7
16009 2.5564017988060006E-7
16017 2.5564017988060006E-7
16019 2.5564017988060006E-7
16020 2.5564017988060006E-7
16021 2.5564017988060006E-7
16022 2.5564017988060006E-7
16035 2.5564017988060006E-7
16045 2.5564017988060006E-7
16047 2.5564017988060006E-7
16060 2.5564017988060006E-7
16071 2.5564017988060006E-7
16074 2.5564017988060006E-7
16107 2.5564017988060006E-7
16111 2.5564017988060006E-7
16120 2.5564017988060006E-7
16121 2.5564017988060006E-7
16132 2.5564017988060006E-7
16135 2.5564017988060006E-7
16162 2.5564017988060006E-7
16164 2.5564017988060006E-7
16165 2.5564017988060006E-7
16173 2.5564017988060006E-7
16176 2.5564017988060006E-7
16179 2.5564017988060006E-7
16194 2.5564017988060006E-7
16216 2.5564017988060006E-7
16222 2.5564017988060006E-7
16225 2.5564017988060006E-7
16229 2.5564017988060006E-7
16230 2.5564017988060006E-7
16235 2.5564017988060006E-7
16242 2.5564017988060006E-7
16277 2.5564017988060006E-7
16279 2.5564017988060006E-7
16280 2.5564017988060006E-7
16286 2.5564017988060006E-7
16287 2.5564017988060006E-7
16302 2.5564017988060006E-7
16308 2.5564017988060006E-7
16313 2.5564017988060006E-7
16327 2.5564017988060006E-7
16328 2.5564017988060006E-7
16334 2.5564017988060006E-7
16335 2.5564017988060006E-7
16342 2.5564017988060006E-7
16343 2.5564017988060006E-7
16352 2.5564017988060006E-7
16361 2.5564017988060006E-7
16363 2.5564017988060006E-7
16388 2.5564017988060006E-7
16401 2.5564017988060006E-7
16416 2.5564017988060006E-7
16417 2.5564017988060006E-7
16418 2.5564017988060006E-7
16428 2.5564017988060006E-7
16429 2.5564017988060006E-7
16430 2.5564017988060006E-7
16432 2.5564017988060006E-7
16438 2.5564017988060006E-7
16449 2.5564017988060006E-7
16450 2.5564017988060006E-7
16453 2.5564017988060006E-7
16469 2.5564017988060006E-7
16476 2.5564017988060006E-7
16487 2.5564017988060006E-7
16499 2.5564017988060006E-7
16500 2.5564017988060006E-7
16510 2.5564017988060006E-7
16512 2.5564017988060006E-7
16514 2.5564017988060006E-7
16539 2.5564017988060006E-7
16540 2.5564017988060006E-7
16550 2.5564017988060006E-7
16551 2.5564017988060006E-7
16552 2.5564017988060006E-7
16556 2.5564017988060006E-7
16557 2.5564017988060006E-7
16565 2.5564017988060006E-7
16568 2.5564017988060006E-7
16569 2.5564017988060006E-7
16570 2.5564017988060006E-7
16571 2.5564017988060006E-7
16583 2.5564017988060006E-7
16584 2.5564017988060006E-7
16616 2.5564017988060006E-7
16617 2.5564017988060006E-7
16626 2.5564017988060006E-7
16628 2.5564017988060006E-7
16634 2.5564017988060006E-7
16643 2.5564017988060006E-7
16662 2.5564017988060006E-7
16682 2.5564017988060006E-7
16687 2.5564017988060006E-7
16707 2.5564017988060006E-7
16715 2.5564017988060006E-7
16727 2.5564017988060006E-7
16728 2.5564017988060006E-7
16730 2.5564017988060006E-7
16733 2.5564017988060006E-7
16734 2.5564017988060006E-7
16742 2.5564017988