47 -0.9199999999999999
192 -1.6197084672000002
205 -1.1957667737600002
206 -1.1957667737600002
220 -1.1957667737600002
231 -1.1957667737600002
300 -0.7067000681124335
332 -0.8378304348735661
371 -1.8311753461242133
374 -1.8311753461242133
400 -1.3919522215194966
430 -2.1135617772155975
431 -2.1135617772155975
432 -2.1135617772155975
442 -3.1526795374179826
443 -3.1526795374179826
455 -2.922143629934386
474 -2.922143629934386
491 -2.922143629934386
530 -2.790171923158007
535 -2.790171923158007
572 -2.790171923158007
646 -2.1431574628994663
651 -2.1431574628994663
652 -2.1431574628994663
653 -2.1431574628994663
662 -1.6145259703195731
666 -1.6145259703195731
703 -1.6145259703195731
757 -1.6916207762556588
766 -1.6916207762556588
774 -1.6916207762556588
779 -1.6916207762556588
789 -2.402637296803622
790 -2.402637296803622
807 -2.402637296803622
809 -2.402637296803622
814 -1.8221098374428977
843 -1.8576878699543182
850 -1.8576878699543182
861 -1.8861502959634548
877 -1.8861502959634548
896 -2.5089202367707637
901 -1.9071361894166108
902 -1.9071361894166108
903 -1.9071361894166108
905 -1.9071361894166108
906 -1.9071361894166108
912 -2.5257089515332884
936 -2.420567161226631
940 -1.8364537289813048
968 -1.8364537289813048
969 -1.8364537289813048
972 -1.8364537289813048
983 -1.3691629831850438
991 -1.3691629831850438
997 -1.3691629831850438
998 -1.3691629831850438
1008 -1.3691629831850438
1010 -1.3691629831850438
1028 -1.3691629831850438
1033 -1.3691629831850438
1035 -1.3691629831850438
1036 -1.3691629831850438
1045 -1.6770114473907425
1064 -1.6770114473907425
1066 -1.6770114473907425
1084 -2.341609157912594
1116 -2.2732873263300752
1124 -2.8186298610640605
1125 -2.8186298610640605
1126 -2.8186298610640605
1135 -2.8186298610640605
1138 -2.8186298610640605
1139 -2.8186298610640605
1149 -2.6549038888512486
1152 -2.6549038888512486
1194 -2.6191384888647993
1208 -2.6191384888647993
1211 -2.6191384888647993
1212 -2.6191384888647993
1215 -2.6191384888647993
1229 -2.4953107910918395
1230 -2.4953107910918395
1239 -2.4953107910918395
1259 -2.4953107910918395
1262 -2.4953107910918395
1287 -2.4953107910918395
1288 -2.4953107910918395
1325 -2.4953107910918395
1366 -2.396248632873472
1374 -2.3169989062987777
1378 -2.3169989062987777
1417 -2.253599125039022
1441 -2.202879300031218
1472 -3.2098427520199797
1474 -3.2098427520199797
1478 -3.2098427520199797
1481 -3.2098427520199797
1488 -3.2098427520199797
1489 -3.2098427520199797
1490 -3.2098427520199797
1510 -3.2098427520199797
1525 -2.3742993612927874
1554 -3.319551591227384
1569 -3.319551591227384
1575 -3.319551591227384
1593 -3.319551591227384
1626 -3.319551591227384
1643 -3.319551591227384
1646 -3.319551591227384
1647 -3.319551591227384
1651 -3.319551591227384
1663 -3.319551591227384
1665 -3.319551591227384
1666 -3.319551591227384
1668 -3.319551591227384
1671 -3.319551591227384
1672 -3.319551591227384
1694 -3.319551591227384
1713 -3.319551591227384
1715 -3.319551591227384
1732 -3.319551591227384
1733 -3.319551591227384
1734 -3.319551591227384
1766 -3.6556412729819074
1778 -3.6556412729819074
1789 -3.6556412729819074
1816 -3.6556412729819074
1820 -3.6556412729819074
1831 -3.6556412729819074
1851 -3.324513018385526
1860 -3.324513018385526
1887 -3.659610414708421
1921 -3.659610414708421
1929 -3.327688331766737
1930 -3.327688331766737
1944 -3.327688331766737
1999 -3.6621506654133897
2002 -3.6621506654133897
2019 -3.329720532330712
2030 -3.329720532330712
2063 -3.0637764258645697
2064 -3.0637764258645697
2072 -3.0637764258645697
2084 -3.0637764258645697
2100 -3.0637764258645697
2128 -2.851021140691656
2149 -2.6808169125533245
2158 -2.6808169125533245
2167 -2.6808169125533245
2168 -2.6808169125533245
2171 -2.6808169125533245
2224 -2.6808169125533245
2259 -2.6808169125533245
2322 -2.915722824034128
2324 -2.915722824034128
2326 -2.915722824034128
2342 -2.915722824034128
2359 -3.3325782592273026
2377 -3.3325782592273026
2396 -3.3325782592273026
2406 -3.3325782592273026
2430 -3.3325782592273026
2463 -3.3325782592273026
2477 -3.3325782592273026
2525 -3.3325782592273026
2614 -3.3325782592273026
2623 -3.3325782592273026
2675 -3.3325782592273026
2699 -3.3325782592273026
2706 -3.3325782592273026
2785 -3.6660626073818423
2787 -3.6660626073818423
2799 -3.932850085905474
2816 -4.14628006872438
2838 -4.317024054979504
2843 -4.317024054979504
2844 -4.317024054979504
2853 -4.317024054979504
2874 -4.317024054979504
2887 -4.317024054979504
2889 -4.317024054979504
2923 -3.4828953951868824
2930 -3.4828953951868824
2934 -3.4828953951868824
2944 -3.4828953951868824
2959 -3.4828953951868824
2961 -3.4828953951868824
2965 -3.4828953951868824
2978 -3.4828953951868824
3006 -3.186316316149506
3013 -3.186316316149506
3019 -3.186316316149506
3036 -3.186316316149506
3038 -3.186316316149506
3072 -3.549053052919605
3109 -3.549053052919605
3123 -3.549053052919605
3133 -3.549053052919605
3175 -3.839242442335684
3196 -3.839242442335684
3241 -3.839242442335684
3325 -3.471393953868547
3332 -3.471393953868547
3367 -3.471393953868547
3368 -3.471393953868547
3391 -3.471393953868547
3403 -3.471393953868547
3424 -3.471393953868547
3455 -4.02169213047587
3459 -4.02169213047587
3471 -4.02169213047587
3480 -4.02169213047587
3485 -4.02169213047587
3486 -4.02169213047587
3498 -4.02169213047587
3500 -4.02169213047587
3501 -4.02169213047587
3508 -4.02169213047587
3521 -4.02169213047587
3523 -4.02169213047587
3528 -4.02169213047587
3531 -4.02169213047587
3547 -4.217353704380696
3569 -4.217353704380696
3603 -4.217353704380696
3607 -4.217353704380696
3620 -4.217353704380696
3639 -4.373882963504557
3670 -4.373882963504557
3710 -4.373882963504557
3747 -4.373882963504557
3761 -4.373882963504557
3767 -4.373882963504557
3775 -4.373882963504557
3780 -4.373882963504557
3781 -4.373882963504557
3791 -4.373882963504557
3792 -4.373882963504557
3807 -4.373882963504557
3835 -4.373882963504557
3887 -4.373882963504557
3890 -4.373882963504557
3899 -4.373882963504557
3911 -4.373882963504557
3924 -4.373882963504557
3930 -4.373882963504557
3942 -4.373882963504557
3946 -4.373882963504557
3981 -4.499106370803646
4111 -4.499106370803646
4145 -4.599285096642917
4159 -4.599285096642917
4166 -4.599285096642917
4176 -4.599285096642917
4189 -4.599285096642917
4192 -4.599285096642917
4211 -4.599285096642917
4286 -4.599285096642917
4296 -4.599285096642917
4299 -4.599285096642917
4312 -4.599285096642917
4334 -4.599285096642917
4362 -4.599285096642917
4370 -4.599285096642917
4374 -4.599285096642917
4419 -4.679428077314334
4434 -4.679428077314334
4467 -4.679428077314334
4504 -4.679428077314334
4507 -4.679428077314334
4536 -4.679428077314334
4570 -4.679428077314334
4599 -4.679428077314334
4618 -4.679428077314334
4623 -4.679428077314334
4638 -4.679428077314334
4661 -4.679428077314334
4739 -4.679428077314334
4781 -4.743542461851467
4799 -4.743542461851467
4811 -4.743542461851467
4867 -4.743542461851467
4904 -4.743542461851467
5006 -4.794833969481173
5040 -4.794833969481173
5068 -4.794833969481173
5143 -4.794833969481173
5191 -4.794833969481173
5228 -4.794833969481173
5233 -4.794833969481173
5254 -4.794833969481173
5284 -4.794833969481173
5338 -4.794833969481173
5372 -4.794833969481173
5397 -4.794833969481173
5437 -4.794833969481173
5476 -4.794833969481173
5527 -4.794833969481173
5558 -4.794833969481173
5565 -4.794833969481173
5586 -4.794833969481173
5603 -4.794833969481173
5617 -4.794833969481173
5636 -4.794833969481173
5638 -4.794833969481173
5668 -4.794833969481173
5669 -4.794833969481173
5673 -4.794833969481173
5682 -4.794833969481173
5698 -4.794833969481173
5702 -4.794833969481173
5724 -4.794833969481173
5732 -4.794833969481173
5735 -4.794833969481173
5744 -4.794833969481173
5752 -4.794833969481173
5761 -4.794833969481173
5775 -4.794833969481173
5784 -4.794833969481173
5821 -4.794833969481173
5873 -4.794833969481173
5894 -4.794833969481173
5921 -4.794833969481173
5928 -4.7