46 -1.0
302 -0.622174345170518
307 -0.622174345170518
320 -0.622174345170518
336 -0.7581915809091315
374 -0.8452426117818442
474 2.4123109009713257
486 2.7298487207770608
489 1.1838789766216489
519 1.1181460360302844
563 -0.7155092295524943
578 -0.4579259069135966
607 -0.4579259069135966
618 0.4336592744691228
619 1.1469274195752983
647 -0.052773161177447236
668 -0.052773161177447236
708 1.406225176846434
709 1.9249801414771472
779 1.7855898324362995
787 2.2284718659490395
826 0.7827774927592317
858 0.5009775953659084
876 1.2007820762927268
883 2.2085005288273454
915 1.7124361301031326
936 2.1699489040825064
968 3.063013838890244
982 3.4003288568897565
998 3.8034997598256357
1004 3.8427998078605086
1010 2.074239846288407
1052 1.5740108012996643
1053 2.0592086410397314
1056 2.447366912831785
1079 2.757893530265428
1116 1.7650518593698743
1119 2.2120414874959
1148 1.415706551997376
1154 1.9325652415979009
1155 2.3460521932783207
1204 -0.08682127704149989
1206 -0.08682127704149989
1208 -0.08682127704149989
1212 -0.08682127704149989
1226 -0.08682127704149989
1230 -0.08682127704149989
1235 -0.08682127704149989
1238 -0.08682127704149989
1254 -1.85556561730656
1258 -0.6844524938452481
1282 0.25243800492380153
1290 1.0019504039390412
1298 -0.19843967684876695
1300 -0.19843967684876695
1329 -0.1270013931832109
1343 0.6983988854534313
1359 -0.4412808916372549
1370 -0.28241977064784307
1372 -0.28241977064784307
1378 0.5740641834817256
1379 1.2592513467853805
1417 1.8074010774283045
1431 2.2459208619426434
1441 0.7967366895541148
1453 1.4373893516432918
1457 1.9499114813146337
1468 0.559929185051707
1472 -0.5520566519586344
1478 0.3583546784330925
1490 1.086683742746474
1498 1.6693469941971792
1515 2.508382076286195
1539 1.0067056610289558
1544 0.28429162305853173
1545 1.0274332984468255
1549 -0.17805336124253957
1554 -0.17805336124253957
1600 2.630935474588045
1601 2.904748379670436
1605 3.299038962989079
1606 3.4392311703912632
1607 3.5513849363130108
1608 3.641107949050409
1613 3.7703090873922624
1617 2.0162472699138103
1645 2.7303982527448385
1646 2.984318602195871
1649 3.187454881756697
1650 3.3499639054053576
1664 3.479971124324286
1670 3.5839768994594285
1671 3.667181519567543
1682 3.786996172523228
1690 2.0295969380185825
1691 2.423677550414866
1692 2.738942040331893
1693 2.9911536322655143
1694 3.192922905812412
1706 3.3543383246499294
1707 3.483470659719944
1712 1.7867765277759555
1715 2.583536977776612
1733 3.0934636657770325
1745 3.4198167460973012
1753 1.7358533968778413
1779 2.550946174001819
1791 2.840756939201455
1815 3.258084441088932
1816 3.4064675528711454
1831 3.525174042296917
1837 3.696111387070027
1840 3.7568891096560213
1841 3.8055112877248174
1851 3.844409030179854
1871 3.875527224143883
1882 2.1004217793151065
1905 2.4803374234520854
1906 2.7842699387616685
1908 3.027415951009335
1923 3.377546208645975
1924 3.50203696691678
1925 3.6016295735334243
1930 3.745042927061392
1932 3.796034341649114
1944 2.429461978655433
1966 2.7435695829243465
1976 1.1948556663394774
2018 -0.04411546692841806
2022 -0.04411546692841806
2030 -0.04411546692841806
2034 0.7647076264572656
2035 1.4117661011658127
2044 1.9294128809326503
2059 2.3435303047461202
2063 2.6748242437968965
2064 2.9398593950375176
2087 3.321510012824012
2100 3.45720801025921
2102 3.5657664082073683
2115 3.652613126565895
2116 3.7220905012527163
2122 2.382137920801739
2128 2.705710336641391
2141 2.964568269313113
2142 3.1716546154504908
2143 3.3373236923603926
2151 3.4698589538883144
2158 3.575887163110652
2173 3.660709730488522
2180 3.728567784390818
2197 3.826283382010124
2204 3.8610267056081
2205 3.88882136448648
2209 3.9110570915891847
2210 3.928845673271348
2211 3.9430765386170785
2214 3.9544612308936626
2224 3.9635689847149305
2233 3.970855187771945
2236 2.176684150217556
2254 2.8330778561392362
2259 1.266462284911389
2273 1.8131698279291113
2277 0.45053586234328913
2291 1.1604286898746314
2315 -0.07165704810029483
2319 -0.07165704810029483
2324 -0.07165704810029483
2326 -0.07165704810029483
2340 0.7426743615197642
2341 1.3941394892158114
2345 2.3322492730981192
2352 2.665799418478495
2359 1.1326395347827964
2377 1.7061116278262372
2406 2.16488930226099
2414 2.5319114418087922
2434 2.825529153447034
2467 3.060423322757628
2496 3.398670926564882
2500 1.7189367412519054
2504 2.1751493930015244
2523 2.5401195144012196
2524 2.832095611520976
2526 3.2525411913734246
2557 3.6173010899831937
2560 3.6938408719865548
2572 3.7550726975892443
2573 3.8040581580713955
2574 3.8432465264571167
2575 3.8745972211656934
2579 3.8996777769325552
2592 3.919742221546044
2593 3.935793777236835
2613 3.9589080174315745
2614 3.9671264139452598
2621 3.973701131156208
2622 3.978960904924967
2623 3.983168723939974
2630 3.986534979151979
2669 2.5513823866572665
2670 2.8411059093258135
2703 3.2583077819685213
2704 3.406646225574817
2708 3.525316980459854
2709 3.620253584367883
2739 1.9569622939954452
2740 2.3655698351963563
2743 0.8924558681570851
2753 1.5139646945256682
2762 0.21117175562053458
2776 0.9689374044964277
2779 1.5751499235971422
2787 0.2601199388777138
2791 1.0080959511021712
2793 2.08518140870539
2801 2.4681451269643118
2812 0.9745161015714494
2838 -1.1763096949942724
2840 -1.1763096949942724
2843 -1.1763096949942724
2848 -0.14104775599541797
2850 -0.14104775599541797
2852 -0.14104775599541797
2855 -0.14104775599541797
2868 -0.14104775599541797
2872 -0.14104775599541797
2874 -0.14104775599541797
2876 -0.14104775599541797
2878 -0.14104775599541797
2903 -0.14104775599541797
2910 -0.14104775599541797
2933 -0.14104775599541797
2936 -0.14104775599541797
2940 -0.14104775599541797
2947 0.6871617952036657
2961 1.3497294361629326
2964 1.8797835489303463
2965 2.303826839144277
2978 2.6430614713154217
2980 2.9144491770523375
3006 3.1315593416418706
3013 3.3052474733134964
3019 3.4441979786507977
3021 3.5553583829206383
3022 3.644286706336511
3031 3.715429365069209
3038 1.9723434920553675
3047 2.7022998349154355
3072 2.9618398679323485
3090 3.335577515476703
3097 3.4684620123813623
3101 3.57476960990509
3108 3.6598156879240724
3109 3.727852550339258
3115 3.782282040271407
3116 3.825825632217126
3123 3.8606605057737005
3142 3.8885284046189605
3143 3.9108227236951683
3163 2.128658178956135
3175 2.502926543164908
3181 2.8023412345319265
3186 3.041872987625541
3194 3.233498390100433
3203 3.3867987120803464
3218 3.6075511757314223
3219 3.686040940585138
3230 3.74883275246811
3231 3.7990662019744885
3232 3.839252961579591
3233 3.8714023692636728
3241 3.8971218954109386
3244 3.917697516328751
3252 3.9341580130630005
3253 3.9473264104504002
3254 3.95786112836032
3267 3.966288902688256
3268 3.973031122150605
3275 3.978424897720484
3276 3.982739918176388
3293 3.98619193454111
3294 3.988953547632888
3304 2.1911628381063104
3325 0.7529302704850485
3332 1.4023442163880389
3356 1.9218753731104312
3357 2.337500298488345
3368 2.670000238790676
3393 2.936000191032541
3402 3.148800152826033
3403 3.3190401222608266
3405 3.4552320978086613
3408 3.564185678246929
3411 3.6513485425975434
3412 3.7210788340780345
3430 3.776863067262428
3439 0.6171923630479541
3442 -0.5062461095616366
3444 -0.5062461095616366
3446 -0.5062461095616366
3448 -0.5062461095616366
3450 -0.5062461095616366
3455 -0.5062461095616366
3458 -0.5062461095616366
3470 -0.5062461095616366
3479 -1.4049968876493093
3483 -1.4049968876493093
3485 -1.4049968876493093
3498 -1.4049968876493093
3500 -1.4049968876493093
3506 -1.4049968876493093
3521 -1.4049968876493093
3523 -1.4049968876493093
3528 -0.32399751011944744
3530 -0.32399751011944744
3538 -1.259198008095558
3541 -1.259198008095558
3543 -1.259198008095558
3545 -1.259198008095558
3547 -1.259198008095558
3550 -1.259198008095558
3555 -1.259198008095558
3563 -1.259198008095558
3568 -1.259198008095558
3591 -1.259198008095558
3603 -1.259198008095558
3605 -1.259198008095558
3607 -1.259198008095558
3620 -1.259198008095558
3623 -1.259198008095558
3650 0.6341132748188429
3662 1.3072906198550744
3663 1.8458324958840597
3670 2.276665996707248
3675 2.621332797365798
3680 2.8970662378926386
3688 3.1176529903141112
3712 3.294122392251289
3713 3.4352979138010316
3716 3.5482383310408254
3747 3.6385906648326607
3759 3.710872531866129
3761 3.7686980254929034
3763 3.8149584203943228
3764 3.8519667363154584
3765 3.8815733890523667
3767 3.9242069689935155
3781 3.9514924601558503
3792 3.9611939681246806
3821 3.975164139599796
3829 3.9801313116798367
3835 3.98410504934387
3853 3.989827231580077
3854 3.991861785264062
3855 3.99348942821125
3864 3.9947915425689997
3865 3.9958332340552003
3868 3.9966665872441602
3869 3.9973332697953285
3899 3.9986346341352084
3903 3.9989077073081667
3911 3.9991261658465334
3913 3.999300932677227
3923 3.999440746141782
3924 3.999552596913426
3930 3.9996420775307406
3942 3.9997136620245923
3944 3.9997709296196744
3955 3.9998533949565918
3958 2.1998827159652734
3964 2.5599061727722185
3965 2.8479249382177754
3997 3.262671960459377
4016 3.410137568367502
4043 3.622488043755202
4121 3.6979904350041615
4145 1.9583923480033292
4152 2.3667138784026633
4153 2.6933711027221308
4158 2.9546968821777044
4166 3.163757505742164
4169 3.331006004593731
4176 3.4648048036749852
4189 3.5718438429399884
4211 3.657475074351991
4222 3.725980059481593
4224 3.780784047585274
4228 2.0246272380682195
4229 2.4197017904545755
4231 2.988609145890929
4232 3.190887316712743
4235 3.352709853370195
4236 3.4821678826961557
4240 3.585734306156925
4286 3.6685874449255405
4296 3.7348699559404324
4298 3.7878959647523462
4299 3.8303167718018774
4304 3.8642534174415024
4305 3.8914027339532025
4306 3.9131221871625623
4334 3.9304977497300504
4346 3.9443981997840405
4347 3.955518559827232
4354 3.9644148478617858
4355 3.9715318782894284
4372 3.981780402105235
4374 3.98833945734735
4388 3.9906715658778804
4404 3.992537252702305
4405 3.994029802161844
4419 3.9952238417294756
4434 3.9961790733835807
4445 3.9969432587068647
4446 3.997554606965492
4447 3.9980436855723935
4452 3.9984349484579154
4453 3.998747958766333
4494 3.9991986936104533
4526 3.9995897311285526
4529 3.9996717849028425
4535 3.999737427922274
4539 3.999789942337819
4561 3.999831953870255
4565 2.1998655630962043
4570 2.559892450476964
4575 2.847913960381571
4580 3.078331168305257
4583 3.2626649346442056
4618 3.5281055581722915
4623 3.6224844465378334
4638 3.6979875572302667
4642 3.758390045784213
4653 3.8067120366273706
4663 3.8453696293018966
4664 3.8762957034415173
4665 3.901036562753214
4666 3.920829250202572
4686 3.9366634001620575
4701 3.9493307201296464
4721 3.9594645761037173
4739 3.9675716608829736
4751 3.9740573287063787
4765 2.1792458629651033
4780 2.5433966903720826
4781 2.834717352297666
4785 3.067773881838133
4786 3.254219105470507
4787 3.4033752843764056
4797 3.522700227501125
4798 3.6181601820009
4799 3.69452814560072
4809 3.7556225164805763
4810 3.8044980131844612
4813 3.8748787284380555
4824 3.8999029827504446
4843 3.919922386200356
4859 3.935937908960285
4867 3.948750327168228
4876 3.959000261734583
4889 3.9672002093876664
4904 3.9737601675101333
4925 3.979008134008107
4926 3.9832065072064857
4930 2.1865652057651888
4931 2.549252164612151
4932 2.839401731689721
4941 3.071521385351777
4952 3.257217108281422
4960 3.405773686625138
4968 1.7246189493001105
5006 2.1796951594400884
5021 2.543756127552071
5030 2.835004902041657
5031 3.068003921633326
5040 3.254403137306661
5052 3.4035225098453292
5068 3.522818007876263
5070 3.618254406301011
5121 3.694603525040809
5142 3.7556828200326473
5143 3.804546256026118
5151 3.843637004820894
5152 3.8749096038567155
5157 3.899927683085372
5158 3.9199421464682978
5159 3.9359537171746384
5210 3.9590103789917688
5211 3.9672083031934156
5212 3.9737666425547324
5213 3.9790133140437858
5214 3.983210651235029
5228 3.9865685209880235
5235 3.989254816790419
5236 3.9914038534323355
5237 3.9931230827458686
5238 3.9944984661966947
5242 2.195598772957356
5243 2.5564790183658848
5251 2.8451832146927076
5253 3.0761465717541663
5270 3.408733805922667
5284 3.526987044738134
5298 3.6215896357905075
5299 3.697271708632406
5311 3.7578173669059245
5325 3.8062538935247394
5326 3.845003114819792
5348 3.9008019934846674
5364 3.9206415947877344
5365 3.9365132758301877
5372 3.9593684965313205
5377 3.967494797225057
5386 3.9739958377800457
5387 3.979196670224037
5388 3.98335733617923
5389 3.9866858689433844
5397 3.9914789561237667
5410 3.9945465319192115
5411 3.9956372255353694
5414 3.996509780428296
5428 3.997207824342637
5436 3.99776625947411
5437 3.998213007579288
5439 3.998570406063431
5448 3.9988563248507445
5476 3.9990850598805956
5511 3.9992680479044767
5527 3.9994144383235817
5530 3.9995315506588653
5540 3.9996252405270925
5560 2.199700192421674
5561 2.559760153937339
5565 2.8478081231498713
5585 3.0782464985198974
5586 3.262597198815918
5588 3.4100777590527347
5589 3.528062207242188
5590 3.6224497657937507
5603 3.7583678501080007
5607 3.8066942800864005
5611 2.0453554240691205
5612 2.4362843392552964
5613 2.7490274714042373
5627 2.9992219771233897
5635 1.3993775816987117
5636 1.9195020653589694
5638 2.335601652287176
5667 2.6684813218297405
5668 2.9347850574637926
5669 3.1478280459710346
5671 3.318262436776828
5672 3.454609949421463
5673 3.5636879595371704
5682 3.6509503676297363
5701 3.7766082352830317
5704 3.8570292705811404
5712 3.885623416464912
5724 3.90849873317193
5738 3.926798986537544
5739 3.941439189230035
5744 3.9531513513840286
5754 3.962521081107223
5768 3.9700168648857783
5769 3.976013491908623
5774 3.9808107935268984
5775 3.984648634821519
5789 3.9877189078572153
5795 3.9901751262857728
5820 3.9921401010286184
5821 3.9937120808228945
5830 3.994969664658316
5831 3.995975731726653
5838 3.9967805853813223
5872 3.9974244683050584
5873 3.9979395746440467
5875 3.9983516597152375
5881 3.99868132777219
5899 3.9989450622177527
5921 3.9991560497742027
5928 3.99945987185549
5939 3.9995678974843925
5957 3.999654317987514
5964 3.9997787635120092
5989 3.9998230108096076
5990 3.999858408647686
6000 3.999886726918149
6002 3.9999093815345192
6003 3.9999275052276158
6004 3.999942004182093
6013 3.9999536033456744
6018 3.99996288267654
6024 3.999976244912985
6048 3.9999809959303887
6052 3.999984796744311
6073 3.999987837395449
6074 3.999990269916359
6076 3.999992215933087
6077 3.9999937727464703
6078 3.9999950181971764
6089 2.1999960145577413
6097 2.559996811646193
6102 2.8479974493169546
6110 3.0783979594535635
6116 3.262718367562851
6125 3.410174694050281
6127 3.5281397552402245
6128 3.6225118041921798
6129 3.698009443353744
6141 3.806726043746397
6142 3.845380834997118
6159 3.8763046679976947
6160 3.901043734398156
6162 3.920834987518525
6163 3.9366679900148203
6164 3.949334392011856
6181 3.959467513609485
6184 3.9675740108875877
6195 3.97405920871007
6203 3.979247366968056
6209 3.9833978935744447
6229 3.986718314859556
6234 3.989374651887645
6242 3.991499721510116
6245 2.193199777208093
6250 2.5545598217664747
6275 2.8436478574131803
6276 3.0749182859305444
6281 3.2599346287444355
6282 3.407947702995549
6295 3.5263581623964395
6296 3.621086529917152
6324 3.6968692239337217
6339 3.7574953791469774
6365 3.805996303317582
6366 3.844797042654066
6381 3.875837634123253
6398 3.9006701072986028
6399 3.920536085838882
6422 3.936428868671106
6423 3.9491430949368853
6426 3.9593144759495082
6438 3.967451580759607
6442 2.173961264607686
6450 2.5391690116861487
6453 2.831335209348919
6454 3.0650681674791356
6455 3.2520545339833085
6458 1.6016436271866468
6464 2.0813149017493178
6474 2.4650519213994544
6476 2.7720415371195637
6477 3.017633229695651
6478 3.2141065837565206
6485 3.3712852670052165
6491 3.4970282136041737
6507 3.597622570883339
6513 3.6780980567066717
6522 3.7424784453653377
6535 3.7939827562922703
6536 3.835186205033817
6537 3.8681489640270534
6543 3.894519171221643
6565 3.9156153369773143
6566 3.932492269581852
6567 3.9459938156654815
6568 3.956795052532385
6571 3.9654360420259085
6572 3.9723488336207273
6581 3.977879066896582
6590 3.9823032535172658
6591 3.985842602813813
6608 3.988674082251051
6629 3.990939265800841
6630 3.992751412640673
6639 3.994201130112539
6642 3.995360904090031
6643 3.9962887232720252
6647 3.9970309786176204
6664 3.9976247828940963
6665 3.9980998263152774
6667 3.998479861052222
6668 3.9987838888417775
6669 3.9990271110734223
6672 3.9992216888587384
6682 3.9993773510869906
6692 2.1995018808695925
6705 2.5596015046956744
6706 2.8476812037565393
6731 3.078144963005232
6744 3.262515970404186
6745 3.4100127763233488
6746 3.528010221058679
6751 3.6224081768469434
6777 3.697926541477555
6781 3.758341233182044
6795 3.8066729865456352
6796 3.8453383892365087
6798 3.876270711389207
6813 3.9010165691113654
6814 3.920813255289093
6855 3.936650604231274
6869 3.9493204833850193
6890 3.9594563867080153
6891 3.9675651093664124
6892 3.9740520874931304
6896 3.9792416699945043
6897 3.9833933359956033
6910 3.986714668796483
6912 3.989371735037187
6916 3.9914973880297495
6920 3.9931979104238
6926 2.19455832833904
6927 2.555646662671232
6930 2.844517330136986
6931 3.075613864109589
6957 3.2604910912876717
6988 3.408392873030137
6990 3.5267142984241096
7000 3.6213714387392875
7008 3.6970971509914303
7009 3.7576777207931444
7017 3.8061421766345154
7043 2.0449137413076124
7050 2.4359309930460897
7055 2.748744794436872
7062 2.998995835549498
7071 3.1991966684395985
7077 3.359357334751679
7094 3.487485867801343
7097 3.5899886942410744
7104 3.67199095539286
7105 3.7375927643142886
7106 3.790074211451431
7107 3.8320593691611453
7108 3.8656474953289166
7126 3.892517996263133
7134 3.914014397010507
7135 3.931211517608406
7140 3.9449692140867247
7141 3.95597537126938
7151 3.964780297015504
7152 3.9718242376124033
7155 3.9774593900899227
7160 3.9819675120719387
7161 3.985574009657551
7181 3.9884592077260406
7199 3.9907673661808323
7220 3.992613892944666
7224 3.994091114355733
7229 3.9952728914845865
7236 3.9962183131876694
7237 3.9969746505501353
7244 3.9975797204401085
7245 3.9980637763520868
7249 3.99845102108167
7265 3.998760816865336
7277 3.999008653492269
7298 3.9992069227938156
7301 3.999365538235053
7320 3.9994924305880426
7322 3.9996751555763472
7331 3.999740124461078
7336 3.9997920995688627
7362 3.99983367965509
7372 3.999866943724072
7398 3.9998935549792582
7419 3.999914843983407
7427 3.999931875186726
7435 3.999945500149381
7439 3.9999564001195047
7455 3.999965120095604
7456 3.9999720960764833
7484 3.999977676861187
7485 3.9999821414889496
7500 3.99998571319116
7504 3.9999885705529286
7517 3.999990856442343
7523 3.9999926851538747
7525 3.9999941481230996
7532 3.9999953184984802
7534 3.999996254798784
7535 3.9999970038390273
7536 3.999997603071222
7537 3.999998082456978
7551 3.9999984659655823
7561 3.999998772772466
7563 3.9999992145743786
7564 3.999999371659503
7574 3.999999497327603
7579 3.9999995978620824
7582 3.999999678289666
7583 3.999999742631733
7584 3.9999997941053866
7592 3.999999835284309
7593 3.999999868227447
7604 3.9999998945819577
7605 3.9999999156655663
7606 3.999999932532453
7611 3.9999999460259623
7624 3.99999995682077
7634 3.999999965456616
7635 3.999999972365293
7642 3.9999999778922346
7646 3.9999999823137875
7647 3.99999998585103
7648 3.999999988680824
7656 3.9999999909446595
7660 2.199999992755728
7661 2.559999994204582
7662 2.847999995363666
7668 3.0783999962909325
7669 3.262719997032746
7670 3.4101759976261965
7671 3.5281407981009574
7679 3.6225126384807664
7680 3.6980101107846135
7683 1.958408088627691
7684 2.3667264709021527
7691 2.693381176721722
7706 2.9547049413773783
7707 3.1637639531019026
7709 3.3310111624815226
7712 3.4648089299852183
7713 3.571847143988175
7714 3.6574777151905407
7715 3.725982172152433
7716 3.7807857377219465
7717 3.824628590177557
7718 3.859702872142046
7719 3.8877622977136372
7735 3.9102098381709096
7741 3.9281678705367282
7754 3.9425342964293826
7755 3.9540274371435062
7756 3.9632219497148053
7761 3.9705775597718445
7772 3.976462047817476
7783 3.9811696382539807
7784 3.9849357106031844
7786 3.9879485684825475
7789 3.990358854786038
7798 3.9922870838288302
7799 3.993829667063064
7802 3.9950637336504515
7803 3.9960509869203618
7806 3.9968407895362894
7807 3.997472631629032
7833 3.9979781053032255
7838 3.9983824842425806
7846 3.9987059873940645
7850 2.1989647899152516
7851 2.5591718319322014
7864 1.0473374655457612
7877 1.637869972436609
7891 2.1102959779492876
7903 2.4882367823594302
7910 2.7905894258875446
7911 3.032471540710036
7912 3.225977232568029
7913 3.380781786054423
7928 3.5046254288435383
7933 3.6037003430748307
7953 3.682960274459865
7954 3.7463682195678922
7959 3.797094575654314
7960 3.837675660523451
7981 3.8701405284187613
7982 3.8961124227350092
7997 3.9168899381880076
8001 3.9468095604403253
8007 3.95744764835226
8008 3.965958118681808
8016 3.9727664949454464
8017 3.978213195956357
8028 3.9825705567650855
8029 3.9860564454120686
8031 3.9888451563296554
8032 3.9910761250637243
8040 3.99286090005098
8050 3.9942887200407844
8052 3.995430976032628
8053 3.996344780826102
8054 3.9970758246608815
8068 3.997660659728705
8071 3.9981285277829643
8084 3.9985028222263717
8095 3.9988022577810973
8103 3.999041806224878
8104 3.999233444979903
8105 3.999386755983923
8106 3.9995094047871387
8107 3.9996075238297113
8113 3.999686019063769
8116 3.999799052200813
8118 3.9998392417606503
8121 3.9998713934085206
8127 3.9998971147268163
8143 3.9999176917814534
8144 3.999934153425163
8157 3.9999473227401303
8165 3.9999578581921043
8167 3.9999662865536836
8174 3.9999730292429474
8179 3.9999784233943583
8180 3.999982738715487
8210 3.9999861909723897
8218 3.9999889527779118
8219 3.9999911622223294
8225 3.9999929297778634
8226 3.9999943438222907
8291 2.1999954750578326
8307 2.5599963800462664
8315 2.847997104037013
8316 3.0783976832296105
8317 3.2627181465836887
8318 3.4101745172669515
8338 3.5281396138135612
8339 3.622511691050849
8349 3.698009352840679
8353 3.7584074822725437
8354 3.8067259858180353
8366 3.8453807886544285
8370 3.876304630923543
8387 3.901043704738835
8413 3.9208349637910684
8414 3.936667971032855
8415 3.9493343768262843
8466 3.9594675014610274
8482 3.9675740011688223
8497 3.9740592009350584
8517 3.9792473607480465
8526 3.9833978885984376
8527 3.98671831087875
8528 3.9893746487030004
8546 3.991499718962401
8554 3.993199775169921
8576 3.9945598201359367
8587 3.995647856108749
8594 3.9965182848869993
8595 3.9972146279095995
8603 3.9977717023276798
8604 3.998217361862144
8612 3.998573889489715
8618 3.9988591115917727
8634 3.999087289273418
8638 3.9992698314187347
8664 3.9994158651349876
8665 3.99953269210799
8671 3.9996261536863917
8672 3.9997009229491134
8673 3.9997607383592912
8681 3.999808590687433
8683 3.9998468725499468
8698 3.9998774980399574
8700 3.999901998431966
8701 3.9999215987455727
8702 3.999937278996458
8706 3.9999498231971664
8717 3.999959858557733
8723 3.9999678868461865
8731 3.9999743094769498
8732 3.99997944758156
8733 3.9999835580652485
8734 3.999986846452199
8736 3.9999894771617592
8749 3.9999915817294074
8751 3.9999932653835257
8787 3.9999946123068204
8790 3.9999956898454565
8796 3.9999965518763654
8797 3.9999972415010925
8811 3.9999977932008743
8813 3.9999982345606995
8814 3.9999985876485598
8815 3.999998870118848
8839 3.9999990960950784
8840 3.9999992768760633
8848 3.999999421500851
8849 3.999999537200681
8850 3.999999629760545
8859 3.9999997038084363
8861 3.999999763046749
8862 3.9999998104373997
8872 3.99999984834992
8881 3.999999878679936
8898 3.999999902943949
8912 3.999999922355159
8925 3.9999999378841276
8937 3.999999950307302
8962 3.999999960245842
8963 3.999999968196674
8964 3.9999999745573396
8965 3.999999979645872
8969 3.9999999837166973
8989 3.999999986973358
8990 3.9999999895786864
8998 3.999999991662949
9006 3.999999993330359
9013 3.9999999946642877
9014 3.9999999957314305
9016 3.999999996585145
9017 3.999999997268116
9019 3.999999997814493
9035 3.999999998251595
9036 3.999999998601276
9044 3.9999999988810213
9060 2.199999999104817
9061 2.559999999283854
9067 2.847999999427083
9068 3.0783999995416664
9086 3.262719999633333
9105 3.4101759997066665
9120 3.5281407997653336
9121 3.6225126398122667
9135 3.698010111849814
9142 3.7584080894798513
9153 3.8067264715838816
9161 3.8453811772671056
9162 3.876304941813685
9169 3.901043953450948
9180 3.920835162760759
9191 3.9366681302086075
9193 3.9493345041668864
9198 3.9594676033335094
9199 3.9675740826668076
9200 3.9740592661334464
9214 3.9792474129067577
9239 3.983397930325406
9243 2.186718344260325
9257 2.5493746754082602
9260 2.839499740326608
9264 1.2715997922612865
9279 1.8172798338090292
9280 2.2538238670472235
9312 2.603059093637779
9314 2.8824472749102235
9328 3.1059578199281788
9330 3.284766255942543
9348 3.427813004754035
9350 3.5422504038032283
9354 3.633800323042583
9359 3.7070402584340663
9380 3.765632206747253
9381 3.8125057653978027
9382 3.8500046123182425
9406 3.880003689854594
9407 3.904002951883675
9415 3.9232023615069407
9416 3.9385618892055527
9417 3.950849511364442
9418 3.960679609091554
9430 3.968543687273243
9431 3.974834949818595
9432 3.979867959854876
9433 3.9838943678839014
9434 3.9871154943071216
9447 3.9896923954456973
9448 3.991753916356558
9449 3.9934031330852466
9452 3.9947225064681975
9461 3.995778005174558
9465 3.9966224041396465
9478 3.9972979233117174
9488 3.997838338649374
9517 3.9982706709194993
9527 3.9986165367355992
9532 3.9988932293884796
9536 3.999114583510784
9544 3.9992916668086274
9545 3.999433333446902
9546 3.9995466667575217
9548 3.9996373334060173
9549 3.999709866724814
9550 3.9997678933798513
9568 3.9998143147038814
9584 3.9998514517631056
9585 3.9998811614104843
9589 3.9999049291283875
9602 3.9999239433027105
9613 3.9999391546421688
9614 3.999951323713735
9615 3.999961058970988
9616 3.999968847176791
9617 3.999975077741433
9631 3.9999800621931465
9632 3.9999840497545174
9633 3.9999872398036143
9636 3.999989791842892
9646 3.999991833474314
9647 3.9999934667794514
9660 3.9999947734235617
9666 3.9999958187388494
9667 3.9999966549910795
9669 3.999997323992864
9670 3.9999978591942913
9678 3.9999982873554334
9679 3.999998629884347
9680 3.9999989039074775
9681 3.999999123125982
9682 3.9999992985007857
9683 3.9999994388006286
9684 3.999999551040503
9685 3.999999640832402
9703 3.9999997126659217
9708 3.999999770132738
9747 3.9999998161061905
9749 3.9999998528849527
9750 3.9999998823079626
9764 3.99999990584637
9766 3.9999999246770965
9767 3.9999999397416772
9775 3.999999951793342
9776 3.999999961434674
9793 3.9999999691477397
9794 3.9999999753181923
9795 3.999999980254554
9796 3.999999984203643
9798 3.999999987362915
9799 3.9999999898903322
9800 3.999999991912266
9821 3.999999993529813
9834 3.9999999948238507
9835 3.9999999958590804
9840 3.999999996687264
9841 3.9999999973498115
9849 3.9999999978798497
9860 3.9999999983038803
9882 3.999999998643104
9890 3.9999999989144834
9893 2.199999999131587
9894 2.5599999993052696
9932 2.847999999444216
9934 3.078399999555373
9935 3.2627199996442986
9936 3.410175999715439
9937 3.528140799772351
9949 3.622512639817881
9953 3.6980101118543045
9954 3.758408089483444
9955 3.8067264715867557
9967 3.845381177269405
9968 3.8763049418155244
9969 3.9010439534524197
9970 3.9208351627619358
10006 3.936668130209549
10007 3.9493345041676395
10020 3.9594676033341116
10024 3.96757408266729
10040 3.974059266133832
10041 3.979247412907066
10060 3.983397930325653
10073 3.986718344260523
10084 3.9893746754084187
10087 3.991499740326735
10088 3.9931997922613887
10089 3.9945598338091113
10103 3.995647867047289
10104 3.9965182936378314
10105 3.9972146349102653
10106 3.9977717079282122
10130 3.99821736634257
10131 3.998573893074056
10135 3.998859114459245
10136 3.9990872915673963
10137 3.9992698332539174
10149 2.1994158666031343
10157 2.5595326932825078
10163 2.847626154626006
10178 3.078100923700805
10186 3.262480738960644
10197 3.4099845911685156
10213 3.5279876729348123
10224 3.62239013834785
10232 3.6979121106782804
10245 3.7583296885426245
10246 3.8066637508341
10255 3.8453310006672803
10260 3.876264800533824
10275 3.901011840427059
10284 3.920809472341648
10285 3.9366475778733188
10293 3.949318062298655
10301 3.9594544498389244
10302 3.96756355987114
10305 3.974050847896912
10306 3.97924067831753
10308 3.98671403412322
10323 3.9893712272985757
10324 3.9914969818388606
10331 2.1931975854710886
10332 2.554558068376871
10337 2.8436464547014966
10341 3.0749171637611976
10352 3.2599337310089584
10361 3.4079469848071673
10370 3.526357587845734
10374 3.6210860702765872
10381 3.69686885622127
10384 3.757495084977016
10387 3.8059960679816127
10406 3.84479685438529
10412 3.8758374835082323
10419 3.9006699868065864
10420 3.920535989445269
10423 3.9364287915562155
10435 3.9491430332449724
10436 3.959314426595978
10438 3.967451541276783
10462 3.9739612330214262
10482 3.9791689864171413
10483 3.9833351891337134
10492 3.9866681513069713
10497 3.989334521045577
10498 3.991467616836462
10522 3.99317409346917
10526 3.9945392747753363
10530 3.9956314198202696
10552 3.996505135856216
10555 3.997204108684973
10556 3.9977632869479782
10557 3.9982106295583826
10563 3.9985685036467062
10565 3.998854802917365
10582 2.1990838423338923
10587 2.559267073867114
10592 2.847413659093691
10603 3.077930927274953
10626 3.2623447418199625
10628 3.40987579345597
10634 3.5279006347647757
10636 3.6223205078118204
10641 3.697856406249456
10649 3.7582851249995652
10654 3.806628099999652
10674 3.845302479999722
10676 3.876241983999778
10691 3.9009935871998227
10698 3.9207948697598587
10699 3.9366358958078873
10700 3.9493087166463097
10701 3.959446973317048
10702 3.967557578653639
10705 3.9740460629229117
10713 3.9792368503383297
10726 3.983389480270664
10727 3.9867115842165317
10728 3.9893692673732257
10730 3.9914954138985808
10752 3.993196331118865
10753 3.9945570648950923
10762 3.9956456519160737
10763 3.9965165215328593
10766 3.997213217226288
10767 3.9977705737810307
10779 3.9982164590248246
10780 3.9985731672198597
10786 3.9988585337758877
10787 3.9990868270207107
10799 3.999269461616569
10808 3.999415569293255
10809 3.999532455434604
10810 3.9996259643476835
10815 3.999700771478147
10824 3.9997606171825177
10833 3.9998084937460145
10851 3.999846794996812
10852 3.9998774359974503
10861 3.9999019487979606
10892 3.999921559038369
10894 3.9999372472306955
10895 3.9999497977845566
10900 3.999959838227645
10901 3.9999678705821164
10914 3.9999742964656937
10919 3.9999794371725548
10927 3.999983549738044
10941 3.9999868397904352
10942 3.9999894718323485
10944 3.999991577465879
10955 3.999993261972704
10959 3.999994609578163
10972 3.9999956876625307
10989 3.9999965501300245
11025 3.99999724010402
11029 3.9999977920832164
11037 3.999998233666573
11048 3.999998586933258
11050 3.999998869546607
11062 3.9999990956372855
11067 3.9999992765098282
11080 3.999999421207863
11099 3.999999536966291
11100 3.9999996295730327
11102 3.9999997036584265
11103 3.999999762926741
11104 3.999999810341393
11106 3.9999998482731147
11111 3.9999998786184916
11112 3.9999999028947935
11123 3.999999922315835
11124 3.9999999378526683
11126 3.9999999502821346
11141 3.9999999602257077
11142 3.9999999681805667
11151 3.999999974544454
11162 3.9999999796355636
11163 3.9999999837084514
11164 3.9999999869667615
11170 3.9999999895734097
11193 3.9999999916587283
11195 3.999999993326983
11196 3.9999999946615867
11197 3.9999999957292696
11198 3.9999999965834157
11225 3.999999997266733
11230 3.9999999978133864
11246 3.9999999982507095
11247 3.9999999986005674
11248 3.9999999988804538
11249 3.9999999991043635
11252 3.9999999992834914
11255 3.9999999994267936
11261 3.9999999995414353
11274 3.9999999996331486
11288 3.999999999706519
11300 3.9999999997652154
11314 3.9999999998121725
11315 3.999999999849738
11329 3.9999999998797904
11364 3.9999999999038325
11402 3.999999999923066
11414 3.999999999938453
11415 3.999999999950762
11427 3.99999999996061
11440 3.9999999999684883
11445 3.999999999974791
11460 3.999999999979833
11467 3.9999999999838662
11475 3.999999999987093
11489 3.999999999989675
11491 3.99999999999174
11493 3.999999999993392
11509 3.9999999999947136
11510 3.9999999999957714
11512 3.999999999996617
11513 3.9999999999972937
11521 3.9999999999978355
11522 3.999999999998269
11549 3.9999999999986153
11559 3.9999999999988924
11574 3.9999999999991145
11575 3.999999999999292
11586 3.9999999999994342
11594 3.999999999999548
11604 3.9999999999996385
11605 3.9999999999997113
11606 3.999999999999769
11607 3.9999999999998153
11608 3.9999999999998526
11627 3.999999999999882
11644 3.999999999999906
11652 3.9999999999999245
11655 3.9999999999999396
11664 3.999999999999952
11702 3.999999999999962
11703 3.99999999999997
11704 3.999999999999976
11705 3.9999999999999813
11706 3.999999999999985
11712 3.9999999999999885
11725 3.999999999999991
11727 3.999999999999993
11741 3.9999999999999947
11742 3.9999999999999956
11746 3.9999999999999964
11747 3.9999999999999973
11750 3.9999999999999982
11754 3.999999999999999
11761 3.999999999999999
11765 3.999999999999999
11777 3.999999999999999
11804 3.999999999999999
11807 3.999999999999999
11822 3.999999999999999
11826 3.999999999999999
11827 3.999999999999999
11841 3.999999999999999
11847 3.999999999999999
11848 3.999999999999999
11853 3.999999999999999
11864 3.999999999999999
11868 3.999999999999999
11869 3.999999999999999
11878 3.999999999999999
11880 3.999999999999999
11881 3.999999999999999
11882 3.999999999999999
11896 3.999999999999999
11900 2.1999999999999993
11901 2.5599999999999996
11902 2.848
11903 3.0784000000000002
11914 3.2627200000000007
11915 3.4101760000000008
11932 3.528140800000001
11933 3.622512640000001
11934 3.6980101120000013
11935 3.7584080896000014
11936 3.806726471680001
11946 3.8453811773440014
11951 2.0763049418752013
11952 2.461043953500161
11969 2.768835162800129
11970 3.0150681302401035
11973 3.212054504192083
11999 3.3696436033536665
12000 3.4957148826829334
12008 3.5965719061463473
12020 3.677257524917078
12021 3.7418060199336622
12030 3.7934448159469296
12034 3.834755852757544
12035 3.8678046822060352
12039 3.894243745764828
12047 3.9153949966118624
12062 3.93231599728949
12065 2.1458527978315924
12067 2.516682238265274
12079 2.8133457906122192
12094 3.0506766324897754
12115 3.2405413059918207
12124 3.3924330447934565
12128 3.5139464358347654
12134 3.6111571486678127
12144 3.68892571893425
12167 3.7511405751474003
12180 3.80091246011792
12189 3.840729968094336
12190 3.872583974475469
12197 3.8980671795803756
12198 3.9184537436643003
12207 3.9347629949314404
12211 3.9478103959451527
12217 3.958248316756122
12221 3.9665986534048976
12222 3.9732789227239182
12226 3.9786231381791346
12230 3.9828985105433077
12235 3.986318808434646
12240 3.9890550467477173
12250 3.9912440373981743
12271 3.99299522991854
12274 3.994396183934832
12284 3.9955169471478653
12299 3.9964135577182924
12311 3.9971308461746338
12312 3.9977046769397075
12313 3.9981637415517666
12330 3.9985309932414133
12331 3.998824794593131
12347 3.9990598356745046
12360 3.9992478685396042
12361 3.9993982948316837
12362 3.999518635865347
12363 3.999614908692278
12370 3.9996919269538225
12374 3.9997535415630585
12381 3.999802833250447
12389 3.999842266600358
12396 3.9998738132802867
12397 3.9998990506242293
12398 3.9999192404993833
12412 3.9999353923995065
12413 3.9999483139196057
12414 3.9999586511356844
12421 3.9999669209085473
12437 3.999973536726838
12438 3.9999788293814706
12447 3.9999830635051765
12451 3.9999864508041414
12452 3.999989160643313
12453 3.9999913285146507
12469 3.999993062811721
12482 3.9999944502493774
12483 3.999995560199502
12484 3.999996448159602
12485 3.999997158527682
12498 3.999997726822146
12499 3.999998181457717
12500 3.999998545166174
12502 3.9999988361329395
12503 3.9999990689063516
12517 3.999999255125082
12521 3.9999994041000653
12531 3.999999523280052
12537 3.9999996186240416
12539 3.999999694899233
12547 3.9999997559193865
12548 3.999999804735509
12552 3.999999843788408
12553 3.999999875030727
12568 3.999999900024582
12569 3.9999999200196656
12570 3.9999999360157323
12576 3.9999999488125857
12589 3.9999999590500686
12594 3.999999967240055
12598 3.999999973792044
12611 3.9999999790336354
12623 3.9999999832269086
12642 3.9999999865815274
12674 3.9999999892652225
12686 3.999999991412178
12697 3.9999999931297427
12704 3.9999999945037947
12713 3.9999999956030363
12719 3.999999996482429
12734 3.9999999971859435
12735 3.9999999977487546
12736 3.999999998199004
12737 3.999999998559203
12738 3.999999998847363
12739 3.9999999990778905
12740 3.9999999992623128
12751 3.9999999994098507
12752 3.9999999995278808
12753 3.999999999622305
12760 3.9999999996978444
12761 3.999999999758276
12762 3.9999999998066214
12763 3.999999999845297
12764 3.9999999998762377
12765 3.9999999999009903
12776 3.9999999999207922
12777 3.999999999936634
12778 3.999999999949307
12789 3.9999999999594458
12790 3.9999999999675566
12794 3.9999999999740457
12805 3.999999999979237
12823 3.99999999998339
12824 3.999999999986712
12839 3.9999999999893694
12865 3.9999999999914957
12884 3.9999999999931966
12885 3.9999999999945572
12900 3.999999999995646
12905 3.9999999999965175
12919 2.199999999997214
12924 2.559999999997771
12929 2.8479999999982173
12930 3.078399999998574
12931 3.2627199999988594
12937 3.4101759999990877
12938 3.52814079999927
12943 3.6225126399994165
12944 3.6980101119995332
12945 3.7584080895996266
12963 3.806726471679702
12965 3.8453811773437616
12966 3.8763049418750093
12973 3.9010439535000074
12977 3.9208351628000058
12978 3.9366681302400046
12988 3.949334504192004
13015 3.9594676033536036
13025 3.9675740826828827
13038 3.9740592661463063
13039 3.9792474129170454
13041 3.983397930333637
13047 3.98671834426691
13048 3.9893746754135284
13095 3.9914997403308226
13096 3.993199792264658
13111 3.994559833811727
13112 3.9956478670493816
13132 3.9965182936395056
13133 3.9972146349116047
13137 3.9977717079292843
13151 3.998217366343428
13152 3.9985738930747425
13156 3.998859114459794
13168 3.999087291567835
13201 3.999269833254268
13204 3.9994158666034147
13222 3.999532693282732
13223 3.9996261546261858
13231 3.9997009237009484
13232 3.9997607389607586
13236 3.999808591168607
13245 3.999846872934886
13259 3.9998774983479093
13261 3.999901998678328
13272 3.999921598942662
13277 3.99993727915413
13283 3.9999498233233046
13290 3.9999598586586442
13291 3.9999678869269157
13306 3.9999743095415328
13312 3.999979447633226
13313 3.999983558106581
13317 3.999986846485265
13318 3.999989477188212
13326 3.99999158175057
13327 3.999993265400456
13328 3.999994612320365
13330 3.9999956898562923
13331 3.999996551885034
13332 3.9999972415080274
13348 3.999997793206422
13349 3.9999982345651377
13352 3.9999985876521107
13359 3.999998870121689
13389 3.9999990960973513
13390 3.9999992768778814
13398 3.999999421502305
13402 3.9999995372018438
13407 3.999999629761475
13417 3.9999997038091797
13422 3.9999997630473443
13435 3.999999810437876
13436 3.999999848350301
13443 3.9999998786802413
13446 3.999999902944193
13449 3.9999999223553546
13450 3.999999937884284
13457 3.9999999503074273
13458 3.999999960245942
13464 3.9999999681967537
13479 3.9999999745574035
13481 3.9999999796459234
13482 3.999999983716739
13483 3.9999999869733918
13494 3.999999989578714
13504 3.999999991662971
13507 3.999999993330377
13520 3.999999994664302
13523 3.999999995731442
13551 3.999999996585154
13552 3.999999997268123
13566 3.9999999978144984
13572 3.9999999982515986
13578 3.999999998601279
13579 3.999999998881023
13583 3.9999999991048183
13591 3.9999999992838546
13605 3.999999999427084
13617 3.999999999541667
13632 3.999999999633334
13633 3.9999999997066675
13635 3.9999999997653344
13636 3.9999999998122675
13637 3.9999999998498144
13651 3.9999999998798517
13661 3.9999999999038813
13663 3.999999999923105
13683 3.999999999938484
13686 3.999999999950787
13709 3.9999999999606297
13710 3.9999999999685043
13717 3.9999999999748033
13728 3.999999999979843
13729 3.9999999999838742
13730 3.999999999987099
13731 3.9999999999896794
13748 3.9999999999917435
13750 3.9999999999933946
13751 3.9999999999947162
13752 3.999999999995773
13753 3.9999999999966187
13754 3.9999999999972955
13777 3.9999999999978364
13778 3.999999999998269
13787 3.9999999999986153
13791 3.9999999999988924
13792 3.9999999999991145
13805 3.999999999999292
13808 3.9999999999994342
13837 3.999999999999548
13842 3.9999999999996385
13847 3.9999999999997113
13861 3.999999999999769
13869 3.9999999999998153
13870 3.9999999999998526
13875 3.999999999999882
13876 3.999999999999906
13877 3.9999999999999245
13878 3.9999999999999396
13887 3.999999999999952
13892 3.999999999999962
13911 3.99999999999997
13931 3.999999999999976
13936 3.9999999999999813
13948 3.999999999999985
13958 3.9999999999999885
13959 3.999999999999991
13967 3.999999999999993
13993 3.9999999999999947
14008 3.9999999999999956
14015 3.9999999999999964
14025 3.9999999999999973
14030 3.9999999999999982
14054 3.999999999999999
14079 3.999999999999999
14095 3.999999999999999
14097 3.999999999999999
14098 3.999999999999999
14108 3.999999999999999
14120 3.999999999999999
14121 3.999999999999999
14135 3.999999999999999
14137 3.999999999999999
14138 3.999999999999999
14139 3.999999999999999
14154 3.999999999999999
14156 3.999999999999999
14161 3.999999999999999
14166 3.999999999999999
14167 3.999999999999999
14175 3.999999999999999
14187 3.999999999999999
14189 3.999999999999999
14196 3.999999999999999
14198 3.999999999999999
14205 3.999999999999999
14206 3.999999999999999
14211 3.999999999999999
14231 3.999999999999999
14232 3.999999999999999
14234 3.999999999999999
14241 3.999999999999999
14256 3.999999999999999
14257 3.999999999999999
14258 3.999999999999999
14259 3.999999999999999
14260 3.999999999999999
14276 3.999999999999999
14287 3.999999999999999
14289 3.999999999999999
14292 3.999999999999999
14303 3.999999999999999
14304 3.999999999999999
14307 3.999999999999999
14314 3.999999999999999
14321 3.999999999999999
14330 3.999999999999999
14335 3.999999999999999
14342 3.999999999999999
14344 3.999999999999999
14345 3.999999999999999
14363 3.999999999999999
14364 3.999999999999999
14383 3.999999999999999
14391 3.999999999999999
14392 3.999999999999999
14414 3.999999999999999
14415 3.999999999999999
14416 3.999999999999999
14417 3.999999999999999
14430 3.999999999999999
14431 3.999999999999999
14432 3.999999999999999
14433 3.999999999999999
14458 3.999999999999999
14465 3.999999999999999
14473 3.999999999999999
14492 3.999999999999999
14493 3.999999999999999
14494 3.999999999999999
14502 3.999999999999999
14506 3.999999999999999
14509 3.999999999999999
14515 3.999999999999999
14519 3.999999999999999
14523 3.999999999999999
14535 3.999999999999999
14536 3.999999999999999
14538 3.999999999999999
14539 3.999999999999999
14549 3.999999999999999
14551 3.999999999999999
14556 3.999999999999999
14559 3.999999999999999
14565 3.999999999999999
14570 3.999999999999999
14593 3.999999999999999
14594 3.999999999999999
14597 3.999999999999999
14598 3.999999999999999
14599 3.999999999999999
14611 3.999999999999999
14614 3.999999999999999
14620 3.999999999999999
14621 3.999999999999999
14641 3.999999999999999
14642 3.999999999999999
14643 3.999999999999999
14644 3.999999999999999
14650 3.999999999999999
14670 3.999999999999999
14681 3.999999999999999
14708 3.999999999999999
14714 3.999999999999999
14719 3.999999999999999
14730 3.999999999999999
14748 3.999999999999999
14764 3.999999999999999
14771 3.999999999999999
14772 3.999999999999999
14781 3.999999999999999
14784 3.999999999999999
14800 3.999999999999999
14801 3.999999999999999
14811 3.999999999999999
14818 3.999999999999999
14819 3.999999999999999
14821 3.999999999999999
14830 3.999999999999999
14831 3.999999999999999
14833 3.999999999999999
14834 3.999999999999999
14841 3.999999999999999
14848 3.999999999999999
14858 3.999999999999999
14862 3.999999999999999
14869 3.999999999999999
14871 3.999999999999999
14876 3.999999999999999
14889 3.999999999999999
14892 3.999999999999999
14900 3.999999999999999
14901 3.999999999999999
14909 3.999999999999999
14910 3.999999999999999
14911 3.999999999999999
14912 3.999999999999999
14921 3.999999999999999
14922 3.999999999999999
14926 3.999999999999999
14939 3.999999999999999
14940 3.999999999999999
14944 3.999999999999999
14950 3.999999999999999
14959 3.999999999999999
14960 3.999999999999999
14966 3.999999999999999
14967 3.999999999999999
14980 3.999999999999999
14983 3.999999999999999
14986 3.999999999999999
14988 3.999999999999999
14995 3.999999999999999
14996 3.999999999999999
15025 3.999999999999999
15026 3.999999999999999
15038 3.999999999999999
15042 3.999999999999999
15054 3.999999999999999
15068 3.999999999999999
15080 3.999999999999999
15082 3.999999999999999
15083 3.999999999999999
15086 3.999999999999999
15095 3.999999999999999
15096 3.999999999999999
15097 3.999999999999999
15099 3.999999999999999
15119 3.999999999999999
15120 3.999999999999999
15121 3.999999999999999
15150 3.999999999999999
15151 3.999999999999999
15186 3.999999999999999
15191 3.999999999999999
15204 3.999999999999999
15205 3.999999999999999
15215 3.999999999999999
15217 3.999999999999999
15218 3.999999999999999
15220 3.999999999999999
15222 3.999999999999999
15229 3.999999999999999
15230 3.999999999999999
15234 3.999999999999999
15235 3.999999999999999
15245 3.999999999999999
15246 3.999999999999999
15247 3.999999999999999
15262 3.999999999999999
15263 3.999999999999999
15274 3.999999999999999
15275 3.999999999999999
15276 3.999999999999999
15277 3.999999999999999
15297 3.999999999999999
15298 3.999999999999999
15299 3.999999999999999
15300 3.999999999999999
15301 3.999999999999999
15302 3.999999999999999
15303 3.999999999999999
15306 3.999999999999999
15307 3.999999999999999
15319 3.999999999999999
15321 3.999999999999999
15322 3.999999999999999
15328 3.999999999999999
15337 3.999999999999999
15339 3.999999999999999
15350 3.999999999999999
15353 3.999999999999999
15354 3.999999999999999
15360 3.999999999999999
15362 3.999999999999999
15385 3.999999999999999
15390 3.999999999999999
15399 3.999999999999999
15400 3.999999999999999
15401 3.999999999999999
15414 3.999999999999999
15415 3.999999999999999
15416 3.999999999999999
15448 3.999999999999999
15449 3.999999999999999
15466 3.999999999999999
15468 3.999999999999999
15469 3.999999999999999
15477 3.999999999999999
15480 3.999999999999999
15483 3.999999999999999
15488 3.999999999999999
15489 3.999999999999999
15503 3.999999999999999
15521 3.999999999999999
15569 3.999999999999999
15575 3.999999999999999
15576 3.999999999999999
15577 3.999999999999999
15584 3.999999999999999
15585 3.999999999999999
15586 3.999999999999999
15587 3.999999999999999
15588 3.999999999999999
15600 3.999999999999999
15619 3.999999999999999
15634 3.999999999999999
15637 3.999999999999999
15648 3.999999999999999
15649 3.999999999999999
15656 3.999999999999999
15657 3.999999999999999
15667 3.999999999999999
15670 3.999999999999999
15671 3.999999999999999
15704 3.999999999999999
15709 3.999999999999999
15710 3.999999999999999
15733 3.999999999999999
15739 3.999999999999999
15747 3.999999999999999
15748 3.999999999999999
15766 3.999999999999999
15791 3.999999999999999
15835 3.999999999999999
15839 3.999999999999999
15851 3.999999999999999
15852 3.999999999999999
15853 3.999999999999999
15854 3.999999999999999