166 -1.8206848
333 0.6741424037888004
357 -0.4606860769689597
374 -0.4606860769689597
441 -0.29483908926013425
454 -0.29483908926013425
474 0.5641287285918927
484 1.2513029828735143
519 1.8010423862988114
532 2.240833909039049
626 0.2988451642511334
632 1.0390761314009067
691 0.6650087240965803
705 0.42560558342181143
757 1.1404844667374492
766 1.7123875733899594
780 2.1699100587119675
808 -0.41125756242434064
859 -0.058563871961262226
883 1.4025191219447923
902 0.12201529755583396
905 0.12201529755583396
907 0.12201529755583396
937 -0.9023877619553329
969 0.07808979043573372
995 1.4899774658788698
998 1.9919819727030958
1005 2.393585578162477
1010 2.7148684625299815
1013 2.9718947700239857
1037 3.3420126528153515
1040 1.6736101222522812
1047 0.33888809780182516
1053 1.0711104782414602
1061 1.6568883825931682
1066 2.1255107060745346
1073 2.5004085648596277
1116 1.2402614815101622
1149 1.1470138785332034
1152 1.7176111028265628
1195 1.0314168846472
1208 1.6251335077177602
1241 2.7840683559514936
1248 3.0272546847611954
1260 3.2218037478089565
1263 3.377442998247165
1288 3.501954398597732
1309 3.6015635188781863
1323 3.796000521665632
1340 3.8368004173325057
1384 3.933153450939395
1392 3.946522760751516
1439 3.9726196535047764
1451 3.982476578243057
1457 3.9859812625944455
1468 2.1887850100755566
1472 0.7510280080604455
1476 1.4008224064483565
1494 2.669221072101559
1526 2.9353768576812476
1540 3.148301486144998
1572 2.0620354309799933
1593 2.759702675827196
1602 3.0077621406617565
1621 3.364967770023525
1647 3.5935793728150562
1651 3.674863498252045
1679 3.8335301111050475
1687 3.866824088884038
1694 3.893459271107231
1713 3.9318139335086277
1730 3.9563609174455214
1754 2.1776567897321075
1766 2.542125431785686
1779 2.833700345428549
1789 3.066960276342839
1828 3.694261543352022
1831 1.9554092346816176
1834 2.364327387745294
1871 2.010535622525591
1910 1.2867427984163784
1929 -0.629187687210814
1933 0.2966498502313488
1944 1.0373198801850791
1970 1.6298559041480634
1976 2.1038847233184508
2000 2.3017511826712376
2015 2.64140094613699
2030 1.1131207569095922
2045 1.6904966055276738
2060 2.152397284422139
2064 0.7219178275377112
2096 1.377534262030169
2100 1.9020274096241352
2103 2.321621927699308
2134 2.9258380337275574
2139 1.340670426982046
2152 1.8725363415856369
2158 2.2980290732685096
2174 2.6384232586148078
2212 2.9107386068918464
2215 3.1285908855134776
2222 3.3028727084107823
2224 3.4422981667286257
2237 3.5538385333829003
2240 3.64307082670632
2259 3.7144566613650563
2284 3.771565329092045
2291 3.8172522632736365
2294 2.0538018106189093
2322 0.9544331587961019
2324 1.5635465270368816
2343 2.4406697773036043
2377 3.002028657474307
2386 1.5612983407835568
2388 2.0490386726268452
2407 2.4392309381014763
2458 3.2008862403079563
2465 3.360708992246365
2497 3.488567193797092
2501 1.7908537550376735
2509 2.2326830040301386
2533 2.5861464032241113
2541 1.2951336980634318
2558 1.8361069584507455
2561 2.2688855667605967
2576 2.615108453408477
2580 2.892086762726782
2583 3.1136694101814255
2589 3.2909355281451402
2594 3.432748422516112
2604 1.7461987380128896
2623 1.1175671923282495
2671 2.524194402472064
2682 2.819355521977651
2686 3.0554844175821207
2697 3.244387534065697
2699 3.3955100272525582
2716 3.5164080218020466
2721 3.613126417441637
2728 3.752400907162648
2740 3.8019207257301186
2759 2.0415365805840953
2787 0.6332292644672763
2812 1.845266729259057
2822 1.1809707067257966
2825 1.7447765653806373
2835 2.19582125230451
2838 0.7566570018436083
2863 1.4053256014748867
2870 1.9242604811799096
2874 2.339408384943928
2880 2.6715267079551426
2903 2.9372213663641142
2943 -0.9361426604215733
2978 0.8408686973301931
2991 1.4726949578641546
3006 0.1781559662913237
3013 0.942524773033059
3019 1.5540198184264473
3023 2.043215854741158
3036 2.4345726837929265
3038 2.7476581470343415
3048 2.9981265176274734
3063 0.11880097128158318
3072 0.8950407770252666
3080 1.5160326216202133
3091 2.4102608778369365
3109 2.98256696181564
3113 3.186053569452512
3117 1.5488428555620097
3123 2.039074284449608
3133 2.4312594275596866
3137 2.745007542047749
3143 2.9960060336381993
3156 1.3968048269105595
3158 1.9174438615284477
3175 2.3339550892227585
3179 2.667164071378207
3205 1.7069850056820526
3214 2.165588004545642
3220 2.5324704036365135
3234 2.825976322909211
3241 3.060781058327369
3269 3.2486248466618957
3277 3.3988998773295167
3295 3.519119901863614
3298 3.6152959214908913
3305 3.6922367371927134
3325 3.7537893897541705
3332 3.8030315118033364
3337 3.842425209442669
3340 3.873940167554135
3344 3.899152134043308
3357 3.919321707234647
3359 3.935457365787718
3368 3.948365892630174
3387 3.9586927141041395
3403 3.9669541712833114
3406 3.9735633370266497
3431 3.983080535697056
3439 3.986464428557645
3455 2.1891715428461165
3498 2.551337234276893
3521 2.8410697874215147
3523 3.072855829937212
3528 3.2582846639497696
3532 3.4066277311598157
3541 1.7253021849278527
3565 2.180241747942282
3571 0.7441933983538256
3603 1.3953547186830604
3607 1.9162837749464483
3611 2.333027019957159
3620 2.666421615965727
3625 2.9331372927725816
3639 3.1465098342180653
3650 3.317207867374452
3670 3.563013035119649
3684 3.7203283424765763
3689 3.776262673981261
3714 3.8568081113480073
3736 2.108357191262725
3747 2.48668575301018
3761 2.789348602408144
3767 3.0314788819265157
3775 3.2251831055412126
3777 3.38014648443297
3781 3.5041171875463766
3792 3.6032937500371016
3807 3.6826350000296815
3835 3.746108000023745
3838 3.7968864000189964
3842 3.8375091200151976
3870 3.870007296012158
3887 3.896005836809727
3899 3.9168046694477816
3904 3.9334437355582255
3911 3.946754988446581
3914 3.957403990757265
3924 3.9659231926058123
3930 3.97273855408465
3933 3.97819084326772
3942 3.982552674614176
3955 3.9860421396913415
3959 2.188833711753073
3970 2.5510669694024584
3972 2.840853575521967
3995 3.072682860417574
3998 3.2581462883340597
4001 3.4065170306672483
4003 3.525213624533799
4012 3.6201708996270394
4017 3.6961367197016317
4036 3.756909375761306
4039 3.8055275006090445
4041 3.844422000487236
4063 3.900430080311831
4109 2.1362752513995726
4145 1.0072161608957266
4150 1.6057729287165814
4159 2.084618342973265
4166 2.4676946743786123
4170 2.77415573950289
4176 3.019324591602312
4211 3.3723677386254804
4222 3.497894190900385
4225 3.5983153527203084
4233 3.6786522821762473
4237 3.742921825740998
4272 3.794337460592799
4275 2.0354699684742394
4286 2.4283759747793914
4296 2.7427007798235135
4299 2.9941606238588108
4307 3.195328499087049
4310 3.356262799269639
4314 3.485010239415711
4317 1.788008191532569
4328 2.2304065532260555
4334 0.7843252425808445
4343 1.4274601940646756
4352 1.9419681552517405
4362 2.3535745242013926
4375 2.682859619361114
4377 2.9462876954888912
4389 1.357030156391113
4399 1.8856241251128905
4406 2.6467994400722503
4419 2.9174395520578003
4434 3.1339516416462407
4454 3.3071613133169926
4456 3.4457290506535942
4462 3.5565832405228752
4495 3.716213273934641
4504 3.7729706191477126
4513 3.8183764953181702
4515 3.8547011962545366
4527 3.8837609570036298
4536 3.907008765602904
4540 3.925607012482323
4554 3.940485609985859
4570 3.9523884879886877
4599 3.9619107903909505
4618 3.9695286323127608
4620 3.9756229058502086
4623 2.1804983246801672
4626 2.544398659744134
4638 2.8355189277953077
4658 3.0684151422362467
4667 3.2547321137889975
4673 3.4037856910311985
4686 3.523028552824959
4695 3.6184228422599674
4730 1.8947382738079739
4739 2.3157906190463793
4751 2.6526324952371034
4759 1.1221059961896827
4762 1.6976847969517461
4781 2.1581478375613967
4799 2.5265182700491176
4811 2.8212146160392946
4814 3.0569716928314357
4825 3.2455773542651487
4832 3.396461883412119
4844 3.5171695067296955
4851 3.6137356053837566
4853 3.690988484307005
4867 3.752790787445604
4885 3.8022326299564835
4890 3.8417861039651866
4904 3.8734288831721493
4908 3.8987431065377196
4912 3.9189944852301757
4933 3.9351955881841407
4942 3.948156470547313
4953 3.958525176437851
4960 3.966820141150281
4969 2.173456112920225
4973 2.5387648903361804
4993 2.831011912268944
5001 3.0648095298151556
5006 3.2518476238521243
5032 3.4014780990816993
5034 3.5211824792653594
5040 3.616945983412288
5046 3.6935567867298307
5049 3.754845429383865
5068 3.803876343507092
5083 3.8431010748056735
5085 3.874480859844539
5103 3.899584687875631
5121 3.919667750300505
5143 3.935734200240404
5147 3.948587360192323
5149 3.958869888153859
5153 3.9670959105230876
5160 3.9736767284184706
5177 3.978941382734777
5179 3.983153106187822
5191 3.9865224849502576
5196 3.989217987960206
5228 3.991374390368165
5251 3.993099512294532
5254 3.9944796098356257
5263 3.9955836878685007
5268 3.996466950294801
5271 3.997173560235841
5284 3.997738848188673
5290 3.9981910785509385
5306 3.998552862840751
5309 3.9988422902726013
5329 3.999073832218081
5331 3.9992590657744653
5339 3.999407252619572
5346 3.9995258020956577
5349 3.9996206416765263
5372 3.9996965133412212
5397 3.9997572106729775
5412 3.9998057685383825
5424 3.999844614830706
5437 3.999875691864565
5449 3.999900553491652
5452 3.9999204427933215
5476 3.9999363542346575
5491 3.999949083387726
5504 3.9999592667101806
5516 3.999967413368145
5527 3.999973930694516
5547 3.9999791445556125
5562 3.9999833156444904
5565 3.9999866525155925
5586 3.999989322012474
5603 3.999991457609979
5636 3.9999931660879833
5638 3.999994532870387
5645 3.99999562629631
5669 3.9999965010370486
5673 3.9999972008296387
5679 3.999997760663711
5682 3.999998208530969
5702 3.9999985668247753
5709 3.9999988534598208
5724 3.9999990827678564
5740 3.999999266214285
5750 3.999999530377143
5759 3.999999624301714
5763 3.9999996994413713
5775 3.9999997595530976
5795 3.999999807642478
5813 3.9999998461139823
5821 3.999999876891186
5832 3.9999999015129495
5835 3.9999999212103594
5845 2.5599999495746304
5855 2.8479999596597043
5863 3.078399967727764
5873 3.262719974182211
5908 3.4101759793457687
5911 3.5281407834766148
5921 3.622512626781292
5928 3.6980101014250337
5931 3.7584080811400273
5936 3.806726464912022
5940 3.845381171929618
5957 3.8763049375436944
5961 3.901043950034956
5965 3.9208351600279654
5971 3.9366681280223723
5986 3.949334502417898
6000 3.9594676019343185
6005 3.967574081547455
6013 3.9740592652379645
6019 3.9792474121903716
6049 3.9867183438018383
6053 3.9893746750414705
6058 3.991499740033176
6074 3.993199792026541
6079 3.994559833621233
6081 3.995647866896987
6089 3.99651829351759
6097 3.997214634814072
6099 3.997771707851258
6110 3.9982173662810068
6114 3.9985738930248056
6125 3.9988591144198447
6137 3.9990872915358757
6142 3.999269833228701
6152 3.999415866582961
6160 3.999532693266369
6164 3.999626154613096
6182 3.999700923690477
6196 3.9997607389523813
6203 2.199808591161905
6217 2.5598468729295245
6220 2.84787749834362
6222 3.0783019986748963
6229 3.2626415989399176
6231 3.4101132791519344
6242 3.528090623321548
6263 1.8224724986572385
6288 2.6063823991406325
6297 2.8851059193125064
6311 3.1080847354500056
6324 3.286467788360005
6343 3.4291742306880044
6346 3.5433393845504035
6350 3.6346715076403227
6360 3.7077372061122587
6367 3.7661897648898073
6370 3.812951811911846
6377 3.850361449529477
6405 3.9042313276988656
6411 3.9233850621590927
6420 3.938708049727274
6424 3.950966439781819
6443 3.960773151825456
6450 3.968618521460365
6456 3.974894817168292
6474 3.979915853734634
6485 3.9839326829877075
6498 3.987146146390166
6503 3.9897169171121325
6505 3.991773533689706
6508 3.993418826951765
6522 3.9947350615614123
6529 3.9957880492491302
6543 3.996630439399304
6554 3.9973043515194435
6557 3.997843481215555
6568 3.998274784972444
6581 3.9986198279779552
6584 3.9988958623823647
6614 3.9991166899058923
6623 3.999293351924714
6639 3.999434681539771
6643 3.9995477452318173
6665 3.9996381961854537
6669 3.9997105569483633
6673 3.999768445558691
6682 3.999814756446953
6702 2.5598814441260505
6735 2.8479051553008405
6742 1.2783241242406724
6763 1.8226592993925381
6766 2.2581274395140305
6775 2.606501951611224
6778 2.885201561288979
6782 3.108161249031183
6796 3.286528999224947
6799 3.4292231993799573
6815 3.5433785595039664
6846 3.6347028476031733
6853 3.707762278082539
6856 3.766209822466031
6870 3.812967857972825
6873 3.85037428637826
6893 3.8802994291026085
6898 3.9042395432820873
6910 3.92339163462567
6913 3.938713307700536
6917 3.950970646160429
6927 3.9607765169283438
6932 3.968621213542675
6948 3.9748969708341404
6950 3.9799175766673125
6952 3.9839340613338505
6961 3.987147249067081
6965 2.189717799253665
6988 2.551774239402932
6991 2.8414193915223462
7017 3.073135513217877
7026 1.4585084105743018
7034 1.9668067284594415
7050 2.373445382767553
7063 2.6987563062140425
7072 2.959005044971234
7094 3.1672040359769875
7124 3.3337632287815904
7135 3.4670105830252727
7141 3.573608466420218
7144 3.6588867731361745
7153 3.72710941850894
7158 3.781687534807152
7162 3.8253500278457215
7181 3.8602800222765774
7188 3.888224017821262
7199 3.9105792142570097
7229 3.9284633714056083
7265 3.9427706971244865
7269 3.9542165576995894
7277 3.963373246159672
7287 3.970698596927738
7298 3.9765588775421907
7302 3.9812471020337528
7305 3.9849976816270027
7308 3.987998145301602
7322 3.9903985162412816
7331 3.992318812993026
7343 3.993855050394421
7372 3.9960672322524298
7381 3.996853785801944
7383 3.9974830286415557
7395 3.997986422913245
7399 3.9983891383305963
7403 3.9987113106644774
7407 3.998969048531582
7419 3.9991752388252655
7424 3.999340191060212
7432 3.9994721528481696
7436 3.999577722278536
7457 3.999662177822829
7463 3.999729742258263
7486 3.9997837938066105
7505 3.9998270350452882
7517 3.999861628036231
7523 3.9998893024289854
7526 3.9999114419431887
7532 3.999929153554551
7548 3.9999433228436407
7552 3.9999546582749126
7565 3.9999637266199306
7579 3.9999709812959443
7624 3.999976785036756
7643 3.999981428029405
7672 3.999985142423524
7680 3.9999881139388194
7685 2.1999904911510555
7687 2.5599923929208446
7692 2.8479939143366755
7695 3.0783951314693407
7704 3.262716105175473
7707 3.410172884140379
7709 3.528138307312303
7723 3.6980085166798737
7735 3.758406813343899
7737 3.8067254506751196
7739 3.845380360540096
7765 3.8763042884320766
7773 3.901043430745662
7776 3.9208347445965295
7784 3.9366677956772236
7787 3.9493342365417794
7799 3.9594673892334233
7807 3.967573911386739
7813 3.974059129109391
7824 3.9792473032875133
7833 3.983397842630011
7846 3.9867182741040095
7851 2.1893746192832078
7864 0.7514996954265662
7877 1.401199756341253
7880 1.9209598050730026
7891 2.336767844058402
7899 2.6694142752467216
7913 2.9355314201973775
7928 3.1484251361579023
7934 3.318740108926322
7942 3.4549920871410578
7949 3.563993669712846
7964 3.6511949357702767
7982 3.720955948616221
7997 3.776764758892977
7999 3.821411807114382
8008 3.8571294456915055
8018 3.8857035565532048
8021 3.908562845242564
8029 3.9268502761940516
8033 3.941480220955241
8050 3.953184176764193
8062 3.962547341411354
8068 3.9700378731290833
8072 3.976030298503267
8074 3.9808242388026143
8084 3.9846593910420918
8086 3.9877275128336738
8093 3.990182010266939
8095 3.9921456082135514
8113 3.9937164865708414
8116 3.9949731892566733
8119 3.995978551405339
8122 3.996782841124271
8125 3.9974262728994168
8144 3.9979410183195334
8147 3.998352814655627
8149 3.998682251724502
8157 3.9989458013796018
8165 3.9991566411036814
8171 3.999325312882945
8181 3.999460250306356
8197 3.9995682002450854
8207 3.9996545601960687
8220 3.9997236481568548
8223 3.999778918525484
8238 2.1998585078563107
8248 2.5598868062850486
8250 2.847909445028039
8259 3.0783275560224315
8263 3.2626620448179455
8279 3.4101296358543562
8292 3.528103708683485
8300 3.622482966946788
8308 3.6979863735574305
8318 3.758389098845945
8321 3.8067112790767563
8340 3.845369023261405
8346 3.8762952186091244
8366 3.9010361748872997
8370 3.92082893990984
8372 3.9366631519278723
8374 3.949330521542298
8376 3.9594644172338382
8419 3.967571533787071
8428 3.9740572270296566
8430 3.9792457816237254
8464 3.9833966252989805
8467 3.9867173002391842
8491 3.989373840191347
8498 3.9914990721530783
8511 3.9931992577224626
8523 3.99455940617797
8528 3.9956475249423766
8531 3.9965180199539017
8576 3.9972144159631213
8588 3.9977715327704972
8613 3.998217226216398
8629 3.9985737809731186
8644 3.998859024778495
8646 3.9990872198227967
8673 3.999269775858237
8681 3.9994158206865897
8684 3.999532656549272
8688 3.999626125239418
8698 3.9997009001915345
8703 3.999760720153228
8707 3.9998085761225823
8714 3.9998468608980664
8718 3.999877488718453
8720 3.999901990974762
8734 3.9999215927798097
8737 3.999937274223848
8747 3.9999498193790783
8749 3.9999598555032625
8771 3.9999678844026105
8774 2.199974307522089
8780 2.559979446017671
8787 2.847983556814137
8797 3.07838684545131
8803 3.2627094763610485
8811 3.4101675810888388
8816 3.528134064871071
8824 3.622507251896857
8832 3.6980058015174855
8840 3.758404641213988
8842 3.8067237129711904
8851 3.8453789703769523
8859 3.876303176301562
8873 3.9010425410412495
8881 3.9208340328329996
8899 3.9366672262664
8910 3.94933378101312
8926 3.959467024810496
8953 3.9675736198483973
8982 3.974058895878718
8990 3.9792471167029744
8999 3.98339769336238
9014 3.986718154689904
9019 3.991499619001539
9026 3.9931996952012314
9033 3.994559756160985
9044 3.9956478049287885
9061 2.196518243943031
9068 2.5572145951544245
9086 2.8457716761235394
9105 3.0766173408988315
9130 3.2612938727190652
9132 3.409035098175252
9142 3.527228078540202
9153 3.6217824628321615
9157 3.697425970265729
9169 3.7579407762125836
9173 3.806352620970067
9180 3.8450820967760535
9191 3.8760656774208426
9201 3.9008525419366746
9214 3.9206820335493395
9244 3.9365456268394716
9247 3.949236501471577
9257 3.9593892011772622
9268 3.96751136094181
9271 3.974009088753448
9281 2.1792072710027584
9312 2.543365816802207
9315 2.834692653441766
9318 3.0677541227534126
9328 3.2542032982027305
9335 3.403362638562185
9348 3.522690110849748
9355 3.694521670943839
9360 3.755617336755072
9366 3.804493869404058
9382 3.8435950955232467
9386 3.874876076418597
9400 3.8999008611348778
9418 3.9199206889079026
9424 3.9359365511263222
9449 3.9487492409010576
9474 3.9589993927208464
9488 3.967199514176677
9491 3.9737596113413423
9501 3.9790076890730743
9511 3.98320615125846
9527 3.986564921006768
9532 3.989251936805415
9542 3.9914015494443325
9546 3.9931212395554665
9565 3.9944969916443736
9585 3.995597593315499
9587 3.9964780746523996
9593 3.9971824597219197
9596 3.9977459677775355
9634 3.998196774222029
9637 3.998557419377623
9647 3.998845935502099
9667 3.99907674840168
9671 3.9992613987213437
9685 3.9994091189770753
9688 3.99952729518166
9714 3.9996218361453284
9724 3.9996974689162625
9726 3.9997579751330106
9747 3.999806380106409
9751 3.9998451040851277
9754 3.999876083268102
9764 3.9999008666144817
9767 3.9999206932915854
9769 3.999936554633268
9776 3.999949243706615
9796 3.999959394965292
9800 3.9999675159722337
9805 3.9999740127777867
9821 3.9999792102222296
9825 3.9999833681777837
9841 3.999986694542227
9849 3.999989355633782
9853 3.999991484507026
9860 3.9999931876056207
9864 3.999994550084497
9882 3.9999956400675982
9894 3.9999965120540786
9912 3.999997209643263
9926 3.9999977677146106
9932 3.999998214171689
9971 3.9999988570698815
9973 3.9999990856559053
10007 3.999999268524724
10020 3.9999994148197793
10028 3.9999995318558232
10042 3.9999996254846586
10050 3.9999997003877272
10052 3.999999760310182
10058 3.9999998082481456
10074 3.9999998465985165
10084 3.999999877278813
10090 3.9999999018230508
10116 3.999999937166753
10131 3.999999949733403
10137 3.999999959786723
10154 2.1999999678293785
10163 2.559999974263503
10176 2.847999979410803
10186 3.0783999835286426
10197 3.2627199868229146
10213 3.410175989458332
10224 3.528140791566666
10232 3.622512633253333
10240 3.6980101066026663
10242 3.7584080852821335
10255 3.8067264682257074
10261 3.8453811745805657
10275 3.876304939664453
10285 3.9010439517315625
10287 3.9208351613852503
10290 3.9366681291082006
10302 3.9493345032865603
10337 3.959467602629249
10342 3.9675740821033996
10352 3.97405926568272
10361 3.979247412546176
10371 3.983397930036941
10381 3.986718344029553
10384 3.989374675223643
10388 3.9914997401789147
10391 3.993199792143132
10407 3.994559833714506
10420 3.9956478669716047
10424 3.9965182935772843
10436 3.9972146348618276
10463 3.997771707889462
10466 3.99821736631157
10483 3.9985738930492563
10489 3.998859114439405
10493 3.9990872915515245
10522 3.99926983324122
10524 3.999415866592976
10527 3.9995326932743813
10542 3.999626154619505
10545 3.9997009236956043
10552 3.9997607389564838
10563 3.999808591165187
10565 3.9998468729321495
10569 2.1998774983457197
10574 2.559901998676576
10576 2.8479215989412614
10582 3.0783372791530095
10592 3.2626698233224074
10619 3.4101358586579265
10626 3.528108686926341
10634 3.6224869495410728
10636 3.697989559632858
10649 3.7583916477062864
10655 3.8067133181650297
10658 3.845370654532024
10662 3.8762965236256193
10674 3.9010372189004956
10676 3.9208297751203967
10678 3.9366638200963173
10684 3.949331056077054
10689 3.9594648448616434
10702 3.9675718758893153
10706 3.974057500711452
10713 3.9792460005691614
10728 3.9833968004553295
10738 3.986717440364264
10748 3.9893739522914116
10759 3.9914991618331292
10764 3.9931993294665036
10788 3.9945594635732027
10810 3.995647570858562
10816 3.99651805668685
10833 3.9972144453494804
10835 3.9977715562795844
10842 3.9982172450236675
10849 3.998573796018934
10861 3.998859036815147
10886 3.999087229452118
10892 3.9992697835616946
10908 3.999415826849356
10914 3.999532661479485
10920 3.9996261291835884
10928 3.999700903346871
10942 3.9997607226774967
10945 3.999808578141997
10955 3.999846862513598
10957 3.9998774900108787
10964 3.999901992008703
10972 3.9999215936069623
10995 3.9999372748855704
11000 3.9999498199084567
11002 3.9999598559267655
11018 3.9999678847414124
11025 3.9999743077931305
11030 3.999979446234504
11037 3.999983556987604
11041 3.999986845590083
11048 3.9999894764720665
11059 3.999991581177653
11067 3.9999932649421224
11073 3.9999946119536984
11075 3.999995689562959
11077 3.9999965516503675
11088 3.999997241320294
11100 3.9999977930562354
11104 3.9999982344449885
11113 3.999998587555991
11121 3.9999988700447933
11124 3.999999096035835
11151 3.9999992768286683
11159 3.9999994214629346
11171 3.999999537170348
11173 3.999999629736279
11193 3.9999997037890234
11216 3.9999997630312185
11219 3.999999810424975
11222 3.9999998483399803
11231 3.999999878671985
11249 3.9999999029375877
11256 3.99999992235007
11262 3.999999937880056
11274 3.999999950304045
11280 3.999999960243236
11286 3.9999999681945893
11292 3.9999999745556716
11301 3.999999979644538
11315 3.9999999837156306
11326 3.9999999869725045
11329 3.9999999895780034
11351 3.9999999916624027
11364 3.999999993329922
11377 3.9999999946639377
11402 3.9999999957311507
11415 3.999999996584921
11419 3.9999999972679374
11427 3.99999999781435
11433 3.9999999982514804
11440 3.9999999986011847
11446 3.9999999988809476
11471 3.999999999104758
11476 3.9999999992838067
11489 3.999999999427046
11491 3.999999999541637
11507 3.9999999996333093
11510 3.999999999706648
11522 3.9999999997653184
11540 3.999999999812255
11549 3.9999999998498046
11559 3.9999999998798437
11572 3.999999999903875
11586 3.9999999999231006
11594 3.9999999999384803
11627 3.9999999999507843
11644 3.999999999960628
11650 3.9999999999685025
11653 3.9999999999748024
11664 3.999999999979842
11691 3.9999999999838733
11694 3.999999999987099
11712 3.9999999999896794
11715 3.9999999999917435
11717 3.9999999999933946
11725 3.9999999999947162
11727 3.999999999995773
11733 3.9999999999966187
11735 3.9999999999972955
11748 3.9999999999978364
11751 3.999999999998269
11755 3.9999999999986153
11804 3.9999999999988924
11808 3.9999999999991145
11822 3.999999999999292
11824 3.9999999999994342
11841 3.999999999999548
11849 3.9999999999996385
11854 3.9999999999997113
11864 3.999999999999769
11870 3.9999999999998153
11878 3.9999999999998526
11882 3.999999999999882
11885 3.999999999999906
11904 3.9999999999999245
11907 3.9999999999999396
11916 3.999999999999952
11937 3.999999999999962
11946 3.99999999999997
11953 2.199999999999976
11956 2.559999999999981
11971 2.8479999999999848
11974 3.078399999999988
11987 3.26271999999999
12001 3.410175999999992
12004 3.528140799999994
12022 3.6225126399999956
12025 3.698010111999997
12028 3.758408089599998
12031 3.8067264716799984
12036 3.8453811773439988
12044 3.8763049418751994
12062 3.9010439535001593
12065 2.1208351628001276
12068 2.496668130240102
12070 2.7973345041920816
12079 3.037867603353665
12086 3.2302940826829323
12088 3.384235266146346
12091 3.5073882129170775
12095 3.605910570333662
12097 3.68472845626693
12100 3.747782765013544
12115 3.798226212010835
12121 3.8385809696086683
12134 3.870864775686935
12136 3.896691820549548
12144 3.9173534564396384
12148 3.9338827651517105
12158 3.9471062121213683
12160 3.9576849696970946
12167 3.966147975757676
12190 3.972918380606141
12193 3.9783347044849133
12207 3.982667763587931
12241 3.986134210870345
12251 3.9889073686962764
12255 3.9911258949570216
12265 3.992900715965617
12272 3.9943205727724935
12275 3.995456458217995
12285 3.996365166574396
12288 3.9970921332595166
12290 3.997673706607613
12299 3.998138965286091
12303 3.9985111722288726
12309 3.9988089377830986
12331 3.9990471502264793
12352 3.999237720181184
12363 3.9993901761449475
12371 3.999512140915958
12381 3.9996097127327666
12389 3.9996877701862132
12399 3.9997502161489704
12422 3.9998001729191763
12434 3.9998401383353412
12469 3.9998721106682735
12477 3.9998976885346194
12491 3.9999181508276953
12500 3.9999345206621566
12504 3.9999476165297256
12517 3.999958093223781
12522 3.9999664745790247
12537 3.99997317966322
12540 3.9999785437305766
12542 3.9999828349844613
12545 3.999986267987569
12549 3.9999890143900556
12570 3.999991211512045
12589 3.999992969209636
12598 3.9999943753677085
12623 3.999995500294167
12643 3.999996400235334
12660 3.999997120188268
12663 3.999997696150614
12674 3.9999981569204914
12677 3.9999985255363937
12686 3.9999988204291155
12698 3.9999990563432926
12704 3.9999992450746342
12709 3.9999993960597076
12714 3.9999995168477662
12716 3.999999613478213
12720 3.9999996907825706
12731 3.9999997526260564
12740 3.999999802100845
12766 3.999999841680676
12778 3.9999998733445414
12791 3.9999998986756333
12805 3.9999999189405067
12820 3.999999935152405
12856 3.999999948121924
12862 3.999999958497539
12866 3.9999999667980317
12868 3.9999999734384257
12889 3.9999999787507408
12892 3.999999983000593
12900 3.999999986400474
12905 3.9999999891203792
12908 2.1999999912963037
12935 2.559999993037043
12946 2.8479999944296344
12963 3.078399995543708
12967 3.2627199964349662
12974 3.410175997147973
12988 3.528140797718378
13001 3.622512638174703
13011 3.6980101105397623
13016 3.7584080884318096
13025 3.8067264707454482
13030 3.8453811765963586
13039 3.8763049412770867
13048 3.901043953021669
13055 3.920835162417336
13057 3.936668129933869
13059 3.949334503947095
13068 3.959467603157676
13075 3.9675740825261405
13077 3.9740592660209124
13084 3.97924741281673
13089 3.9833979302533846
13096 3.986718344202708
13137 3.989374675362167
13153 3.9914997402897336
13157 3.9931997922317874
13166 3.99455983378543
13173 3.995647867028344
13188 3.9965182936226755
13202 3.9972146348981408
13246 3.9977717079185124
13259 3.99821736633481
13261 3.9985738930678485
13272 3.9988591144542793
13275 3.9990872915634235
13284 3.9992698332507386
13292 3.9994158666005912
13307 3.9995326932804733
13313 3.999626154624379
13328 3.9997009236995034
13342 3.999760738959603
13349 3.9998085911676826
13363 3.999846872934146
13366 3.999877498347317
13373 3.9999019986778537
13379 3.999921598942283
13382 3.9999372791538264
13390 3.9999498233230613
13411 3.999959858658449
13417 3.9999678869267594
13423 3.9999743095414075
13425 3.999979447633126
13436 3.999983558106501
13443 3.999986846485201
13447 3.9999894771881612
13455 3.999991581750529
13459 3.9999932654004233
13465 3.9999946123203385
13479 3.999995689856271
13483 3.999996551885017
13494 3.999997241508014
13504 3.9999977932064112
13508 3.999998234565129
13520 3.9999985876521036
13523 3.999998870121683
13526 3.999999096097347
13528 3.999999276877878
13537 3.9999994215023023
13553 3.999999537201842
13556 3.999999629761474
13567 3.9999997038091797
13570 3.9999997630473443
13580 3.999999810437876
13591 3.999999848350301
13603 3.9999998786802413
13606 3.999999902944193
13611 3.9999999223553546
13614 3.999999937884284
13633 3.9999999503074273
13641 3.999999960245942
13651 3.9999999681967537
13661 3.9999999745574035
13664 3.9999999796459234
13684 3.999999983716739
13687 3.9999999869733918
13710 3.999999989578714
13714 3.999999991662971
13718 3.999999993330377
13720 3.999999994664302
13748 3.999999995731442
13754 3.999999996585154
13778 3.999999997268123
13805 3.9999999978144984
13819 3.9999999982515986
13821 3.999999998601279
13835 3.999999998881023
13842 3.9999999991048183
13848 3.9999999992838546
13851 3.999999999427084
13857 3.999999999541667
13893 3.999999999633334
13911 3.9999999997066675
13915 3.9999999997653344
13917 3.9999999998122675
13931 3.9999999998498144
13937 3.9999999998798517
13944 3.9999999999038813
13949 3.999999999923105
13964 3.999999999938484
13980 3.999999999950787
13982 3.9999999999606297
13993 3.9999999999685043
14015 3.9999999999748033
14025 3.999999999979843
14054 3.9999999999838742
14056 3.999999999987099
14066 3.9999999999896794
14073 3.9999999999917435
14084 3.9999999999933946
14095 3.9999999999947162
14099 3.999999999995773
14108 2.199999999996619
14112 2.559999999997295
14122 2.8479999999978363
14125 3.078399999998269
14135 3.262719999998615
14139 3.4101759999988923
14154 3.5281407999991137
14161 3.6225126399992913
14179 3.698010111999433
14181 3.7584080895995466
14187 3.806726471679638
14190 3.84538117734371
14196 3.8763049418749684
14212 3.9010439534999746
14232 3.92083516279998
14241 3.936668130239984
14265 3.949334504191987
14276 3.9594676033535903
14279 3.967574082682872
14287 3.9740592661462975
14290 3.9792474129170383
14304 3.9833979303336307
14307 3.9867183442669045
14315 3.989374675413524
14335 3.991499740330819
14342 3.9931997922646554
14355 3.9945598338117243
14365 3.99564786704938
14383 3.996518293639504
14392 3.997214634911603
14394 3.9977717079292825
14404 3.998217366343426
14444 3.9985738930747408
14448 3.998859114459793
14458 3.999087291567835
14465 3.999269833254268
14473 3.9994158666034147
14476 3.999532693282732
14487 3.9996261546261858
14490 3.9997009237009484
14502 3.9997607389607586
14507 3.999808591168607
14515 3.999846872934886
14524 3.9998774983479093
14536 3.999901998678328
14549 3.999921598942662
14556 3.99993727915413
14565 3.9999498233233046
14570 3.9999598586586442
14574 3.9999678869269157
14581 3.9999743095415328
14595 3.999979447633226
14600 3.999983558106581
14602 3.999986846485265
14611 3.999989477188212
14615 3.99999158175057
14617 3.999993265400456
14650 3.999994612320365
14653 3.9999956898562923
14678 3.999996551885034
14682 3.9999972415080274
14719 3.999997793206422
14731 3.9999982345651377
14733 3.9999985876521107
14739 3.999998870121689
14748 3.9999990960973513
14773 3.9999992768778814
14781 3.999999421502305
14785 3.9999995372018438
14792 3.999999629761475
14806 3.9999997038091797
14809 3.9999997630473443
14819 3.999999810437876
14831 3.999999848350301
14838 3.9999998786802413
14842 3.999999902944193
14845 3.9999999223553546
14858 3.999999937884284
14863 3.9999999503074273
14869 3.999999960245942
14877 3.99999996819