32 -0.7000000000000001
176 -0.8478797785825283
311 -2.2903188773413907
346 -0.9651722814254254
373 -0.9541682080898178
405 -0.6633345664718543
411 -0.6633345664718543
467 -2.708609176593198
488 -2.708609176593198
511 -3.1228078984157173
539 -3.1228078984157173
559 -3.498246318732574
565 -3.498246318732574
568 -3.498246318732574
584 -3.498246318732574
593 -2.698597054986059
597 -2.0588776439888474
658 -0.548116282977832
719 -1.4384930263822655
732 -1.4384930263822655
735 -1.4384930263822655
746 -2.1507944211058128
764 -2.07650842950772
778 -2.661206743606176
782 -2.661206743606176
813 -2.661206743606176
831 -2.028965394884941
836 -2.028965394884941
839 -2.028965394884941
853 -3.0985378527263623
857 -3.0985378527263623
863 -3.0985378527263623
889 -3.0985378527263623
909 -1.803064225744872
939 -1.803064225744872
957 -2.4424513805958976
959 -2.4424513805958976
962 -1.8539611044767181
985 -2.1065351068651
990 -2.1065351068651
1012 -2.68522808549208
1015 -2.68522808549208
1034 -2.68522808549208
1055 -2.68522808549208
1060 -2.68522808549208
1065 -2.68522808549208
1068 -2.68522808549208
1076 -2.68522808549208
1078 -2.68522808549208
1081 -2.68522808549208
1092 -3.5185459747149315
1096 -3.5185459747149315
1103 -3.5185459747149315
1121 -3.5185459747149315
1123 -2.7148367797719453
1127 -2.7148367797719453
1137 -2.071869423817556
1140 -2.071869423817556
1143 -2.071869423817556
1153 -2.657495539054045
1158 -2.657495539054045
1160 -2.657495539054045
1164 -3.125996431243236
1166 -3.125996431243236
1191 -3.500797144994589
1207 -3.8006377159956717
1213 -3.8006377159956717
1225 -3.8006377159956717
1261 -3.0655412084718274
1265 -3.0655412084718274
1295 -3.0655412084718274
1315 -3.452432966777462
1336 -3.76194637342197
1339 -3.76194637342197
1358 -3.76194637342197
1371 -4.0095570987375755
1373 -4.0095570987375755
1375 -4.0095570987375755
1376 -4.0095570987375755
1383 -4.0095570987375755
1385 -4.0095570987375755
1387 -4.0095570987375755
1433 -2.7903145876429107
1434 -2.7903145876429107
1436 -2.7903145876429107
1440 -2.7903145876429107
1456 -3.2322516701143287
1462 -3.2322516701143287
1463 -3.2322516701143287
1464 -3.2322516701143287
1467 -2.485801336091463
1470 -2.485801336091463
1471 -2.485801336091463
1473 -2.485801336091463
1482 -2.485801336091463
1486 -2.485801336091463
1487 -2.485801336091463
1493 -2.485801336091463
1497 -2.485801336091463
1514 -2.485801336091463
1542 -3.3909128550985366
1555 -3.9701842272630636
1556 -3.9701842272630636
1563 -3.9701842272630636
1573 -3.9701842272630636
1574 -3.9701842272630636
1583 -4.176147381810451
1598 -4.176147381810451
1611 -4.176147381810451
1620 -4.176147381810451
1632 -3.592734324358689
1642 -3.592734324358689
1648 -3.592734324358689
1652 -3.592734324358689
1681 -2.999349967589561
1688 -2.999349967589561
1689 -2.999349967589561
1731 -3.7195839792573193
1752 -3.7195839792573193
1765 -3.7195839792573193
1772 -3.7195839792573193
1788 -3.7195839792573193
1865 -3.0805337467246843
1866 -3.0805337467246843
1870 -3.0805337467246843
1873 -3.0805337467246843
1881 -3.4644269973797477
1885 -3.4644269973797477
1920 -3.4644269973797477
1928 -3.4644269973797477
1935 -3.4644269973797477
1951 -4.0172332783230384
1969 -4.0172332783230384
1975 -4.0172332783230384
1998 -4.0172332783230384
2014 -4.0172332783230384
2023 -4.21378662265843
2056 -4.21378662265843
2062 -4.21378662265843
2066 -4.21378662265843
2071 -4.21378662265843
2083 -4.371029298126745
2104 -4.371029298126745
2112 -4.371029298126745
2118 -4.496823438501396
2121 -4.496823438501396
2127 -4.496823438501396
2133 -4.496823438501396
2136 -4.496823438501396
2140 -4.496823438501396
2148 -4.496823438501396
2153 -4.496823438501396
2157 -4.496823438501396
2166 -4.597458750801117
2175 -4.597458750801117
2179 -4.597458750801117
2213 -4.677967000640894
2223 -4.677967000640894
2231 -4.677967000640894
2232 -4.677967000640894
2235 -4.677967000640894
2239 -4.677967000640894
2241 -4.677967000640894
2252 -4.677967000640894
2253 -4.677967000640894
2256 -4.677967000640894
2258 -4.677967000640894
2272 -3.6423736005127156
2276 -3.6423736005127156
2283 -3.6423736005127156
2290 -3.6423736005127156
2293 -3.6423736005127156
2299 -3.6423736005127156
2303 -3.6423736005127156
2318 -4.131119104328139
2323 -4.131119104328139
2325 -4.131119104328139
2327 -4.131119104328139
2344 -4.131119104328139
2361 -4.304895283462511
2365 -4.304895283462511
2366 -4.304895283462511
2376 -4.304895283462511
2385 -4.304895283462511
2387 -4.304895283462511
2395 -3.343916226770009
2405 -3.343916226770009
2413 -3.6751329814160076
2418 -3.6751329814160076
2424 -3.6751329814160076
2428 -3.6751329814160076
2433 -3.6751329814160076
2437 -3.6751329814160076
2441 -3.6751329814160076
2448 -3.940106385132806
2455 -3.940106385132806
2462 -3.940106385132806
2499 -4.321668086484996
2503 -4.321668086484996
2511 -4.321668086484996
2535 -4.321668086484996
2542 -4.321668086484996
2562 -3.3573344691879967
2570 -2.5858675753503975
2571 -2.5858675753503975
2582 -3.068694060280318
2596 -3.068694060280318
2602 -3.068694060280318
2612 -3.068694060280318
2625 -2.3549552482242544
2634 -2.3549552482242544
2636 -2.3549552482242544
2665 -2.3549552482242544
2668 -2.3549552482242544
2673 -2.3549552482242544
2677 -2.3549552482242544
2681 -2.3549552482242544
2685 -2.3549552482242544
2698 -2.3549552482242544
2727 -2.8839641985794033
2730 -2.8839641985794033
2742 -2.8839641985794033
2748 -2.8839641985794033
2756 -3.3071713588635228
2758 -3.3071713588635228
2778 -3.6457370870908186
2790 -3.6457370870908186
2797 -3.6457370870908186
2806 -3.6457370870908186
2811 -3.6457370870908186
2814 -3.6457370870908186
2819 -3.6457370870908186
2821 -3.6457370870908186
2824 -3.6457370870908186
2846 -3.6457370870908186
2851 -3.916589669672655
2862 -3.916589669672655
2869 -3.916589669672655
2871 -3.916589669672655
2873 -3.916589669672655
2875 -3.916589669672655
2877 -3.916589669672655
2879 -3.916589669672655
2885 -4.133271735738124
2888 -4.133271735738124
2902 -4.133271735738124
2914 -4.133271735738124
2917 -4.133271735738124
2929 -4.133271735738124
2931 -4.133271735738124
2935 -4.3066173885904995
2939 -4.445293910872399
2941 -4.445293910872399
2946 -4.445293910872399
2958 -4.445293910872399
2960 -4.445293910872399
2975 -4.445293910872399
2982 -4.445293910872399
2990 -3.4562351286979194
3000 -3.4562351286979194
3008 -3.4562351286979194
3012 -3.4562351286979194
3015 -3.4562351286979194
3024 -3.4562351286979194
3037 -3.764988102958336
3046 -3.764988102958336
3054 -3.764988102958336
3058 -3.764988102958336
3062 -3.764988102958336
3069 -3.764988102958336
3075 -3.764988102958336
3079 -3.764988102958336
3081 -3.764988102958336
3092 -4.011990482366668
3112 -4.011990482366668
3136 -4.209592385893335
3145 -4.209592385893335
3150 -4.209592385893335
3155 -4.209592385893335
3157 -4.209592385893335
3161 -4.209592385893335
3162 -4.209592385893335
3167 -4.209592385893335
3178 -4.209592385893335
3185 -4.209592385893335
3199 -4.367673908714668
3229 -4.494139126971735
3235 -4.494139126971735
3240 -4.494139126971735
3266 -4.595311301577388
3279 -4.67624904126191
3281 -4.67624904126191
3303 -4.67624904126191
3307 -4.67624904126191
3323 -4.67624904126191
3324 -4.67624904126191
3339 -4.67624904126191
3342 -4.67624904126191
3343 -4.67624904126191
3345 -4.67624904126191
3361 -4.67624904126191
3366 -4.67624904126191
3372 -4.67624904126191
3380 -4.67624904126191
3386 -4.67624904126191
3390 -3.640999233009528
3407 -3.640999233009528
3410 -3.640999233009528
3423 -3.640999233009528
3432 -3.640999233009528
3438 -3.640999233009528
3441 -3.640999233009528
3443 -3.640999233009528
3445 -3.640999233009528
3447 -3.640999233009528
3454 -3.9127993864076225
3505 -3.9127993864076225
3507 -3.9127993864076225
3512 -3.9127993864076225
3520 -3.9127993864076225
3524 -3.9127993864076225
3529 -3.9127993864076225
3537 -4.130239509126098
3539 -4.130239509126098
3540 -4.130239509126098
3542 -4.130239509126098
3544 -4.130239509126098
3546 -4.130239509126098
3549 -4.130239509126098
3554 -4.130239509126098
3559 -4.130239509126098
3564 -4.130239509126098
3600 -4.304191607300879
3604 -4.304191607300879
3606 -4.304191607300879
3610 -4.304191607300879
3612 -4.304191607300879
3619 -4.304191607300879
3624 -4.304191607300879
3626 -4.304191607300879
3633 -4.304191607300879
3636 -4.304191607300879
3649 -4.443353285840704
3652 -4.443353285840704
3661 -4.5546826286725635
3669 -4.5546826286725635
3674 -4.5546826286725635
3679 -4.5546826286725635
3683 -4.5546826286725635
3687 -4.5546826286725635
3691 -4.5546826286725635
3715 -4.5546826286725635
3720 -4.5546826286725635
3724 -4.5546826286725635
3727 -4.5546826286725635
3735 -4.643746102938051
3750 -4.643746102938051
3774 -4.643746102938051
3796 -4.643746102938051
3809 -4.714996882350441
3812 -4.714996882350441
3828 -4.714996882350441
3841 -4.714996882350441
3849 -4.714996882350441
3867 -4.771997505880353
3871 -4.771997505880353
3872 -4.771997505880353
3883 -4.771997505880353
3889 -4.771997505880353
3898 -4.771997505880353
3902 -4.771997505880353
3905 -4.771997505880353
3910 -4.771997505880353
3915 -4.771997505880353
3920 -4.771997505880353
3921 -4.771997505880353
3929 -4.771997505880353
3932 -4.771997505880353
3960 -4.8175980047042835
4004 -4.8175980047042835
4008 -4.8175980047042835
4011 -4.8175980047042835
4019 -4.8175980047042835
4023 -4.8175980047042835
4035 -4.8175980047042835
4038 -4.8175980047042835
4040 -4.8175980047042835
4042 -4.8175980047042835
4058 -4.8175980047042835
4062 -4.8175980047042835
4065 -4.8175980047042835
4069 -4.8175980047042835
4076 -4.8175980047042835
4093 -4.8540784037634275
4097 -4.8540784037634275
4108 -4.906610178408593
4110 -4.906610178408593
4120 -4.906610178408593
4125 -4.906610178408593
4129 -4.906610178408593
4133 -4.906610178408593
4151 -4.906610178408593
4171 -4.906610178408593
4175 -4.906610178408593
4179 -4.906610178408593
4184 -4.906610178408593
4188 -4.906610178408593
4191 -4.906610178408593
4194 -4.906610178408593
4198 -4.906610178408593
4201 -4.906610178408593
4210 -4.906610178408593
4221 -4.906610178408593
4227 -4.906610178408593
4234 -4.906610178408593
4239 -4.906610178408593
4274 -4.906610178408593
4279 -4.925288142726875
4280 -4.925288142726875
4285 -4.925288142726875
4291 -4.925288142726875
4295 -4.925288142726875
4301 -4.925288142726875
4303 -4.925288142726875
4351 -4.925288142726875
4353 -4.925288142726875
4361 -4.925288142726875
4376 -4.925288142726875
4379 -4.925288142726875
4383 -4.925288142726875
4387 -4.925288142726875
4392 -4.925288142726875
4398 -4.925288142726875
4401 -4.925288142726875
4403 -4.925288142726875
4407 -4.925288142726875
4424 -4.925288142726875
4437 -4.925288142726875
4451 -4.940230514181501
4455 -4.940230514181501
4463 -4.940230514181501
4471 -4.940230514181501
4474 -4.940230514181501
4487 -4.940230514181501
4490 -4.940230514181501
4491 -4.940230514181501
4493 -4.940230514181501
4502 -4.940230514181501
4509 -4.940230514181501
4512 -4.940230514181501
4514 -4.940230514181501
4517 -4.940230514181501
4523 -4.940230514181501
4528 -4.940230514181501
4534 -4.940230514181501
4538 -3.8521844113452004
4541 -3.8521844113452004
4547 -3.8521844113452004
4553 -3.8521844113452004
4556 -3.8521844113452004
4560 -3.8521844113452004
4564 -3.8521844113452004
4569 -3.8521844113452004
4578 -4.081747529076161
4582 -4.081747529076161
4592 -4.081747529076161
4598 -4.081747529076161
4605 -4.081747529076161
4607 -4.081747529076161
4612 -4.081747529076161
4615 -4.081747529076161
4616 -4.081747529076161
4617 -4.081747529076161
4625 -4.081747529076161
4628 -4.081747529076161
4637 -4.081747529076161
4649 -4.081747529076161
4652 -4.081747529076161
4657 -4.081747529076161
4668 -4.081747529076161
4669 -4.081747529076161
4672 -4.081747529076161
4688 -4.081747529076161
4692 -4.081747529076161
4694 -4.081747529076161
4697 -4.081747529076161
4700 -4.081747529076161
4705 -4.081747529076161
4707 -4.081747529076161
4711 -4.081747529076161
4720 -4.081747529076161
4725 -4.081747529076161
4729 -4.081747529076161
4738 -4.081747529076161
4745 -4.081747529076161
4750 -4.081747529076161
4754 -4.081747529076161
4758 -4.081747529076161
4761 -4.081747529076161
4764 -4.081747529076161
4769 -4.081747529076161
4779 -4.081747529076161
4784 -4.081747529076161
4819 -4.081747529076161
4833 -4.081747529076161
4836 -4.081747529076161
4840 -4.081747529076161
4846 -4.081747529076161
4852 -4.081747529076161
4855 -4.081747529076161
4858 -4.081747529076161
4866 -4.081747529076161
4875 -4.081747529076161
4884 -4.2653980232609285
4887 -4.2653980232609285
4888 -4.2653980232609285
4891 -4.2653980232609285
4894 -4.2653980232609285
4903 -4.2653980232609285
4911 -3.312318418608743
4914 -3.312318418608743
4928 -3.312318418608743
4940 -3.312318418608743
4944 -3.312318418608743
4962 -3.312318418608743
4967 -3.6498547348869947
4972 -3.6498547348869947
4976 -3.6498547348869947
4984 -3.6498547348869947
4988 -3.6498547348869947
4992 -3.6498547348869947
5008 -3.6498547348869947
5020 -3.6498547348869947
5033 -3.6498547348869947
5039 -3.6498547348869947
5042 -3.6498547348869947
5045 -3.6498547348869947
5048 -3.6498547348869947
5051 -3.6498547348869947
5055 -3.6498547348869947
5074 -2.8198837879095957
5084 -3.2559070303276765
5086 -3.2559070303276765
5094 -3.2559070303276765
5104 -3.2559070303276765
5113 -3.2559070303276765
5120 -3.2559070303276765
5123 -3.2559070303276765
5131 -3.2559070303276765
5148 -3.2559070303276765
5150 -3.2559070303276765
5156 -3.2559070303276765
5178 -3.2559070303276765
5180 -3.2559070303276765
5183 -3.2559070303276765
5190 -3.2559070303276765
5195 -3.2559070303276765
5199 -3.2559070303276765
5202 -3.2559070303276765
5208 -3.2559070303276765
5209 -3.2559070303276765
5225 -3.2559070303276765
5232 -3.2559070303276765
5234 -3.2559070303276765
5241 -3.2559070303276765
5250 -3.2559070303276765
5259 -3.2559070303276765
5262 -3.2559070303276765
5264 -3.2559070303276765
5267 -3.2559070303276765
5269 -3.2559070303276765
5272 -3.2559070303276765
5283 -3.2559070303276765
5289 -3.2559070303276765
5297 -3.2559070303276765
5303 -3.2559070303276765
5305 -3.2559070303276765
5308 -3.2559070303276765
5310 -3.2559070303276765
5320 -3.2559070303276765
5324 -3.2559070303276765
5328 -3.2559070303276765
5330 -3.2559070303276765
5337 -3.2559070303276765
5345 -3.2559070303276765
5347 -3.2559070303276765
5371 -3.2559070303276765
5376 -3.2559070303276765
5396 -3.2559070303276765
5400 -3.2559070303276765
5413 -3.2559070303276765
5447 -3.6047256242621413
5453 -3.6047256242621413
5456 -3.6047256242621413
5464 -3.6047256242621413
5486 -3.6047256242621413
5490 -3.6047256242621413
5494 -3.6047256242621413
5500 -3.6047256242621413
5506 -3.6047256242621413
5510 -3.6047256242621413
5515 -3.6047256242621413
5546 -3.8837804994097134
5552 -4.107024399527771
5553 -4.107024399527771
5556 -4.107024399527771
5557 -4.107024399527771
5564 -4.107024399527771
5567 -4.107024399527771
5576 -4.107024399527771
5583 -4.107024399527771
5584 -4.107024399527771
5610 -4.107024399527771
5616 -4.107024399527771
5622 -4.107024399527771
5626 -4.107024399527771
5631 -4.107024399527771
5633 -4.107024399527771
5634 -4.107024399527771
5640 -4.107024399527771
5644 -4.107024399527771
5648 -4.107024399527771
5652 -4.107024399527771
5665 -4.107024399527771
5666 -4.107024399527771
5677 -4.107024399527771
5678 -4.107024399527771
5680 -4.107024399527771
5681 -4.107024399527771
5685 -4.107024399527771
5697 -4.107024399527771
5708 -3.185619519622217
5710 -3.185619519622217
5711 -3.185619519622217
5731 -3.185619519622217
5736 -3.185619519622217
5737 -3.185619519622217
5742 -3.185619519622217
5743 -3.185619519622217
5749 -3.185619519622217
5751 -3.185619519622217
5756 -3.185619519622217
5758 -3.185619519622217
5760 -3.185619519622217
5766 -3.185619519622217
5767 -3.185619519622217
5772 -3.185619519622217
5773 -3.185619519622217
5779 -3.185619519622217
5780 -3.185619519622217
5783 -3.185619519622217
5787 -3.185619519622217
5788 -3.185619519622217
5794 -2.4484956156977735
5828 -2.4484956156977735
5829 -2.4484956156977735
5834 -2.4484956156977735
5837 -2.4484956156977735
5841 -2.4484956156977735
5846 -2.4484956156977735
5862 -2.4484956156977735
5891 -2.4484956156977735
5893 -2.4484956156977735
5898 -2.4484956156977735
5903 -2.4484956156977735
5907 -2.4484956156977735
5910 -2.4484956156977735
5920 -2.4484956156977735
5927 -2.4484956156977735
5930 -2.4484956156977735
5959 -2.4484956156977735
5960 -2.4484956156977735
5962 -2.4484956156977735
5974 -2.9587964925582186
5977 -2.9587964925582186
5980 -2.9587964925582186
5985 -2.9587964925582186
5988 -2.9587964925582186
6006 -2.9587964925582186
6012 -2.9587964925582186
6017 -2.9587964925582186
6022 -2.9587964925582186
6028 -2.9587964925582186
6043 -2.9587964925582186
6047 -2.9587964925582186
6051 -2.9587964925582186
6054 -2.9587964925582186
6057 -2.9587964925582186
6080 -2.9587964925582186
6088 -2.9587964925582186
6096 -2.9587964925582186
6101 -2.9587964925582186
6109 -2.9587964925582186
6113 -2.9587964925582186
6151 -3.367037194046575
6154 -3.367037194046575
6176 -3.367037194046575
6180 -3.367037194046575
6198 -3.6936297552372603
6199 -3.6936297552372603
6202 -3.6936297552372603
6205 -3.6936297552372603
6208 -3.6936297552372603
6213 -3.6936297552372603
6216 -3.6936297552372603
6219 -3.6936297552372603
6221 -3.6936297552372603
6228 -3.6936297552372603
6241 -3.9549038041898084
6244 -3.9549038041898084
6249 -3.9549038041898084
6254 -3.9549038041898084
6258 -3.9549038041898084
6262 -3.9549038041898084
6265 -3.9549038041898084
6267 -3.9549038041898084
6290 -3.9549038041898084
6294 -3.9549038041898084
6310 -3.9549038041898084
6312 -3.9549038041898084
6318 -3.9549038041898084
6323 -3.9549038041898084
6328 -3.9549038041898084
6335 -3.9549038041898084
6338 -3.9549038041898084
6342 -3.9549038041898084
6345 -3.9549038041898084
6349 -3.9549038041898084
6369 -3.9549038041898084
6371 -3.9549038041898084
6378 -3.9549038041898084
6379 -3.9549038041898084
6380 -3.9549038041898084
6402 -3.9549038041898084
6404 -3.9549038041898084
6406 -3.9549038041898084
6410 -3.9549038041898084
6412 -3.9549038041898084
6415 -3.9549038041898084
6419 -3.9549038041898084
6421 -3.9549038041898084
6425 -3.9549038041898084
6433 -3.9549038041898084
6441 -3.9549038041898084
6444 -3.9549038041898084
6449 -3.9549038041898084
6452 -3.9549038041898084
6457 -3.9549038041898084
6462 -3.9549038041898084
6473 -3.9549038041898084
6484 -3.9549038041898084
6487 -3.9549038041898084
6490 -3.9549038041898084
6495 -3.9549038041898084
6499 -3.9549038041898084
6502 -3.9549038041898084
6504 -3.9549038041898084
6506 -3.9549038041898084
6509 -3.9549038041898084
6512 -3.9549038041898084
6521 -3.9549038041898084
6528 -3.9549038041898084
6534 -3.9549038041898084
6542 -3.9549038041898084
6545 -3.9549038041898084
6549 -3.9549038041898084
6553 -3.9549038041898084
6556 -3.9549038041898084
6564 -3.9549038041898084
6570 -3.9549038041898084
6580 -3.9549038041898084
6589 -3.9549038041898084
6611 -3.9549038041898084
6619 -3.9549038041898084
6625 -3.9549038041898084
6628 -3.9549038041898084
6646 -3.9549038041898084
6650 -3.9549038041898084
6661 -3.9549038041898084
6671 -3.9549038041898084
6681 -3.9549038041898084
6689 -3.9549038041898084
6691 -3.9549038041898084
6695 -3.9549038041898084
6701 -4.163923043351847
6704 -4.163923043351847
6715 -4.163923043351847
6721 -4.163923043351847
6734 -4.163923043351847
6737 -4.163923043351847
6741 -4.163923043351847
6743 -4.163923043351847
6750 -4.163923043351847
6754 -4.163923043351847
6757 -4.163923043351847
6760 -4.163923043351847
6762 -4.163923043351847
6765 -4.163923043351847
6767 -4.163923043351847
6772 -4.163923043351847
6776 -4.163923043351847
6780 -4.163923043351847
6784 -4.163923043351847
6793 -4.163923043351847
6802 -4.163923043351847
6808 -4.163923043351847
6816 -4.163923043351847
6830 -4.163923043351847
6841 -4.163923043351847
6845 -4.163923043351847
6848 -4.163923043351847
6852 -4.163923043351847
6854 -4.163923043351847
6858 -4.163923043351847
6861 -4.163923043351847
6864 -4.163923043351847
6868 -4.163923043351847
6872 -4.163923043351847
6874 -4.163923043351847
6895 -4.163923043351847
6909 -4.163923043351847
6915 -4.163923043351847
6929 -4.331138434681478
6933 -4.331138434681478
6943 -4.331138434681478
6947 -4.331138434681478
6949 -4.331138434681478
6951 -4.331138434681478
6953 -4.331138434681478
6956 -4.331138434681478
6960 -4.331138434681478
6964 -4.331138434681478
6968 -4.331138434681478
6972 -4.331138434681478
7016 -4.331138434681478
7023 -4.331138434681478
7027 -4.331138434681478
7029 -4.331138434681478
7033 -4.331138434681478
7035 -4.331138434681478
7038 -4.331138434681478
7041 -4.331138434681478
7049 -3.3649107477451823
7054 -3.3649107477451823
7061 -3.3649107477451823
7066 -3.3649107477451823
7070 -3.3649107477451823
7076 -3.3649107477451823
7084 -3.3649107477451823
7089 -3.3649107477451823
7093 -3.3649107477451823
7096 -3.3649107477451823
7103 -3.3649107477451823
7120 -3.691928598196146
7123 -3.691928598196146
7125 -3.691928598196146
7133 -3.691928598196146
7143 -3.691928598196146
7159 -3.691928598196146
7164 -3.691928598196146
7177 -3.691928598196146
7183 -3.691928598196146
7187 -3.691928598196146
7205 -3.691928598196146
7216 -3.691928598196146
7223 -3.691928598196146
7228 -3.691928598196146
7231 -3.691928598196146
7235 -3.691928598196146
7241 -3.691928598196146
7243 -3.691928598196146
7254 -3.691928598196146
7259 -3.691928598196146
7264 -3.691928598196146
7268 -3.691928598196146
7270 -3.691928598196146
7276 -3.691928598196146
7282 -3.691928598196146
7286 -3.691928598196146
7289 -3.691928598196146
7297 -3.691928598196146
7304 -3.691928598196146
7307 -3.691928598196146
7310 -3.691928598196146
7339 -3.691928598196146
7342 -3.691928598196146
7345 -3.691928598196146
7349 -3.691928598196146
7352 -3.691928598196146
7355 -3.691928598196146
7361 -3.691928598196146
7366 -3.691928598196146
7371 -3.691928598196146
7374 -3.691928598196146
7382 -3.691928598196146
7385 -3.691928598196146
7406 -3.691928598196146
7408 -3.691928598196146
7413 -3.691928598196146
7423 -3.691928598196146
7431 -3.691928598196146
7438 -3.691928598196146
7459 -3.691928598196146
7462 -3.691928598196146
7483 -3.691928598196146
7487 -3.691928598196146
7503 -3.691928598196146
7507 -3.691928598196146
7511 -3.691928598196146
7515 -3.691928598196146
7516 -3.691928598196146
7522 -3.691928598196146
7550 -3.691928598196146
7553 -3.691928598196146
7560 -3.691928598196146
7597 -3.691928598196146
7600 -3.691928598196146
7603 -3.691928598196146
7610 -3.691928598196146
7614 -3.691928598196146
7617 -3.691928598196146
7623 -3.691928598196146
7627 -3.691928598196146
7633 -3.691928598196146
7645 -3.691928598196146
7674 -3.691928598196146
7682 -3.691928598196146
7686 -3.691928598196146
7690 -3.691928598196146
7694 -3.691928598196146
7696 -3.691928598196146
7711 -3.691928598196146
7722 -3.691928598196146
7738 -3.691928598196146
7740 -3.691928598196146
7760 -3.691928598196146
7764 -3.691928598196146
7775 -3.9535428785569167
7782 -3.9535428785569167
7788 -3.9535428785569167
7805 -3.9535428785569167
7812 -3.9535428785569167
7825 -3.9535428785569167
7832 -3.9535428785569167
7837 -3.9535428785569167
7845 -3.9535428785569167
7853 -3.9535428785569167
7862 -3.9535428785569167
7869 -3.9535428785569167
7872 -3.9535428785569167
7876 -3.9535428785569167
7879 -3.9535428785569167
7882 -3.9535428785569167
7902 -3.9535428785569167
7909 -3.9535428785569167
7918 -3.9535428785569167
7922 -3.9535428785569167
7927 -3.9535428785569167
7952 -3.9535428785569167
7958 -3.9535428785569167
7963 -3.9535428785569167
7966 -3.9535428785569167
7969 -3.9535428785569167
7988 -4.162834302845534
7996 -4.162834302845534
8010 -4.162834302845534
8020 -4.162834302845534
8022 -4.162834302845534
8035 -4.162834302845534
8039 -4.162834302845534
8049 -4.162834302845534
8059 -4.162834302845534
8061 -4.162834302845534
8067 -4.162834302845534
8070 -4.162834302845534
8073 -4.162834302845534
8087 -4.162834302845534
8102 -4.162834302845534
8120 -4.162834302845534
8124 -4.162834302845534
8126 -4.162834302845534
8148 -4.162834302845534
8156 -4.162834302845534
8160 -4.162834302845534
8164 -4.162834302845534
8170 -4.162834302845534
8173 -4.162834302845534
8178 -4.162834302845534
8187 -4.162834302845534
8191 -4.162834302845534
8196 -4.162834302845534
8224 -4.162834302845534
8235 -4.162834302845534
8249 -4.162834302845534
8252 -4.162834302845534
8258 -4.162834302845534
8266 -4.162834302845534
8274 -4.162834302845534
8320 -4.162834302845534
8323 -4.162834302845534
8327 -4.162834302845534
8334 -4.162834302845534
8341 -4.162834302845534
8345 -4.162834302845534
8348 -4.162834302845534
8352 -4.162834302845534
8373 -4.162834302845534
8375 -4.162834302845534
8402 -4.330267442276427
8418 -4.330267442276427
8429 -4.330267442276427
8440 -4.330267442276427
8441 -4.330267442276427
8444 -4.330267442276427
8463 -4.330267442276427
8465 -4.330267442276427
8468 -4.330267442276427
8490 -4.330267442276427
8501 -4.330267442276427
8504 -4.330267442276427
8516 -4.330267442276427
8530 -4.330267442276427
8533 -4.330267442276427
8541 -4.330267442276427
8551 -4.330267442276427
8557 -4.330267442276427
8560 -4.330267442276427
8564 -4.330267442276427
8568 -4.330267442276427
8572 -4.330267442276427
8575 -4.330267442276427
8578 -4.330267442276427
8583 -4.330267442276427
8586 -4.330267442276427
8590 -4.330267442276427
8593 -4.330267442276427
8600 -4.330267442276427
8607 -4.330267442276427
8614 -4.464213953821142
8617 -4.464213953821142
8622 -4.464213953821142
8628 -4.464213953821142
8630 -4.464213953821142
8633 -4.464213953821142
8637 -4.464213953821142
8643 -4.464213953821142
8645 -4.464213953821142
8648 -4.464213953821142
8654 -4.464213953821142
8659 -4.464213953821142
8662 -4.464213953821142
8663 -4.464213953821142
8670 -4.464213953821142
8680 -4.464213953821142
8687 -4.464213953821142
8705 -4.464213953821142
8719 -4.464213953821142
8722 -4.464213953821142
8730 -4.464213953821142
8739 -4.464213953821142
8748 -4.464213953821142
8755 -4.464213953821142
8758 -4.464213953821142
8765 -4.464213953821142
8770 -4.464213953821142
8773 -4.464213953821142
8775 -4.464213953821142
8779 -4.464213953821142
8786 -4.464213953821142
8794 -4.464213953821142
8795 -4.464213953821142
8799 -4.464213953821142
8802 -4.464213953821142
8818 -4.464213953821142
8823 -4.464213953821142
8843 -4.464213953821142
8852 -4.464213953821142
8858 -4.464213953821142
8866 -4.464213953821142
8869 -4.464213953821142
8871 -4.464213953821142
8880 -4.464213953821142
8889 -4.464213953821142
8897 -4.464213953821142
8911 -4.464213953821142
8929 -4.464213953821142
8933 -4.464213953821142
8936 -4.464213953821142
8944 -4.464213953821142
8948 -4.464213953821142
8952 -4.464213953821142
8955 -4.464213953821142
8960 -4.464213953821142
8968 -4.464213953821142
8972 -4.464213953821142
8978 -4.464213953821142
8981 -4.464213953821142
8992 -4.464213953821142
8997 -4.464213953821142
9001 -4.464213953821142
9005 -4.464213953821142
9021 -4.464213953821142
9025 -4.464213953821142
9043 -4.464213953821142
9048 -4.464213953821142
9052 -4.464213953821142
9059 -4.464213953821142
9076 -4.464213953821142
9081 -4.464213953821142
9085 -4.464213953821142
9088 -4.464213953821142
9092 -4.464213953821142
9095 -4.464213953821142
9098 -4.464213953821142
9104 -4.464213953821142
9134 -4.464213953821142
9144 -4.464213953821142
9147 -4.464213953821142
9152 -4.464213953821142
9156 -4.464213953821142
9159 -4.464213953821142
9160 -4.464213953821142
9172 -4.464213953821142
9174 -4.464213953821142
9179 -4.464213953821142
9184 -4.464213953821142
9190 -4.464213953821142
9197 -4.464213953821142
9204 -4.464213953821142
9213 -4.464213953821142
9234 -4.464213953821142
9238 -4.464213953821142
9241 -4.464213953821142
9246 -4.464213953821142
9249 -4.464213953821142
9256 -4.464213953821142
9263 -4.464213953821142
9267 -4.464213953821142
9270 -4.464213953821142
9273 -4.464213953821142
9278 -4.464213953821142
9295 -4.464213953821142
9300 -4.464213953821142
9307 -4.464213953821142
9311 -4.464213953821142
9317 -4.464213953821142
9319 -4.464213953821142
9327 -4.464213953821142
9334 -4.464213953821142
9338 -4.464213953821142
9341 -4.464213953821142
9347 -4.464213953821142
9353 -4.464213953821142
9358 -4.464213953821142
9362 -4.464213953821142
9365 -4.464213953821142
9385 -4.464213953821142
9388 -4.464213953821142
9392 -4.464213953821142
9405 -4.464213953821142
9414 -4.464213953821142
9423 -4.464213953821142
9425 -4.464213953821142
9429 -4.464213953821142
9451 -4.464213953821142
9457 -4.464213953821142
9460 -4.464213953821142
9464 -4.464213953821142
9468 -4.464213953821142
9473 -4.464213953821142
9477 -4.464213953821142
9484 -4.464213953821142
9490 -4.464213953821142
9493 -4.464213953821142
9496 -4.464213953821142
9500 -4.464213953821142
9503 -4.464213953821142
9506 -4.464213953821142
9510 -4.464213953821142
9512 -4.464213953821142
9516 -4.464213953821142
9526 -4.464213953821142
9531 -4.464213953821142
9535 -4.464213953821142
9567 -4.464213953821142
9578 -4.464213953821142
9588 -4.464213953821142
9592 -4.464213953821142
9595 -4.464213953821142
9597 -4.464213953821142
9601 -4.464213953821142
9627 -4.464213953821142
9635 -4.464213953821142
9659 -4.571371163056914
9687 -4.571371163056914
9707 -4.571371163056914
9713 -4.571371163056914
9718 -4.571371163056914
9723 -4.571371163056914
9725 -4.571371163056914
9728 -4.571371163056914
9732 -4.571371163056914
9736 -4.571371163056914
9746 -4.571371163056914
9753 -4.571371163056914
9756 -4.571371163056914
9770 -4.571371163056914
9780 -4.571371163056914
9783 -4.571371163056914
9792 -4.571371163056914
9804 -4.571371163056914
9808 -4.571371163056914
9848 -4.571371163056914
9852 -4.571371163056914
9854 -4.571371163056914
9859 -4.571371163056914
9863 -4.571371163056914
9865 -4.571371163056914
9873 -4.571371163056914
9881 -4.571371163056914
9892 -4.571371163056914
9896 -4.571371163056914
9911 -4.571371163056914
9913 -4.571371163056914
9923 -4.571371163056914
9931 -4.571371163056914
9940 -4.571371163056914
9943 -4.571371163056914
9948 -4.571371163056914
9972 -4.657096930445531
9974 -4.657096930445531
9978 -4.657096930445531
9981 -4.657096930445531
9990 -4.657096930445531
9998 -4.657096930445531
10012 -4.657096930445531
10023 -4.657096930445531
10027 -4.657096930445531
10030 -4.657096930445531
10037 -4.657096930445531
10051 -4.657096930445531
10053 -4.657096930445531
10057 -4.657096930445531
10059 -4.657096930445531
10064 -4.657096930445531
10068 -4.657096930445531
10072 -4.657096930445531
10076 -4.657096930445531
10083 -4.657096930445531
10086 -4.657096930445531
10108 -4.657096930445531
10112 -4.657096930445531
10115 -4.657096930445531
10117 -4.657096930445531
10120 -4.657096930445531
10139 -4.657096930445531
10145 -4.657096930445531
10153 -4.657096930445531
10156 -4.657096930445531
10162 -4.657096930445531
10165 -4.657096930445531
10168 -4.657096930445531
10172 -4.657096930445531
10175 -4.657096930445531
10177 -4.657096930445531
10189 -4.725677544356426
10196 -4.725677544356426
10200 -4.725677544356426
10204 -4.725677544356426
10207 -4.725677544356426
10212 -4.725677544356426
10221 -4.725677544356426
10226 -4.725677544356426
10231 -4.725677544356426
10235 -4.725677544356426
10239 -4.725677544356426
10241 -4.725677544356426
10244 -4.725677544356426
10254 -4.725677544356426
10259 -4.725677544356426
10263 -4.725677544356426
10266 -4.725677544356426
10274 -4.725677544356426
10278 -4.725677544356426
10289 -4.725677544356426
10292 -4.725677544356426
10304 -4.725677544356426
10311 -4.725677544356426
10322 -4.725677544356426
10327 -4.725677544356426
10329 -4.725677544356426
10330 -4.725677544356426
10336 -4.725677544356426
10340 -4.725677544356426
10343 -4.725677544356426
10346 -4.725677544356426
10351 -4.725677544356426
10360 -4.725677544356426
10365 -4.725677544356426
10368 -4.725677544356426
10369 -4.725677544356426
10373 -4.725677544356426
10380 -4.725677544356426
10386 -4.725677544356426
10390 -4.725677544356426
10392 -4.725677544356426
10399 -4.725677544356426
10403 -4.725677544356426
10408 -4.725677544356426
10411 -4.725677544356426
10418 -4.725677544356426
10422 -4.725677544356426
10442 -4.725677544356426
10445 -4.725677544356426
10449 -4.725677544356426
10453 -4.725677544356426
10457 -4.725677544356426
10461 -4.725677544356426
10465 -4.725677544356426
10468 -4.725677544356426
10472 -4.725677544356426
10488 -4.725677544356426
10491 -4.725677544356426
10496 -4.725677544356426
10501 -4.725677544356426
10511 -4.725677544356426
10516 -4.725677544356426
10521 -4.725677544356426
10525 -4.725677544356426
10529 -4.725677544356426
10537 -4.725677544356426
10544 -4.725677544356426
10546 -4.725677544356426
10562 -4.725677544356426
10568 -4.725677544356426
10573 -4.725677544356426
10575 -4.725677544356426
10581 -4.725677544356426
10586 -4.725677544356426
10591 -4.725677544356426
10597 -4.725677544356426
10602 -4.725677544356426
10606 -4.725677544356426
10610 -4.725677544356426
10613 -4.725677544356426
10618 -4.725677544356426
10625 -4.725677544356426
10633 -4.725677544356426
10640 -4.725677544356426
10648 -4.725677544356426
10653 -4.725677544356426
10657 -4.725677544356426
10661 -4.725677544356426
10673 -4.725677544356426
10688 -4.725677544356426
10690 -4.725677544356426
10704 -4.725677544356426
10712 -4.725677544356426
10733 -4.725677544356426
10737 -4.725677544356426
10739 -4.725677544356426
10765 -4.725677544356426
10785 -4.725677544356426
10790 -4.725677544356426
10823 -4.725677544356426
10827 -4.725677544356426
10832 -4.725677544356426
10837 -4.725677544356426
10841 -4.725677544356426
10844 -4.725677544356426
10848 -4.725677544356426
10850 -4.725677544356426
10856 -4.725677544356426
10860 -4.725677544356426
10864 -4.725677544356426
10869 -4.725677544356426
10873 -4.725677544356426
10877 -4.725677544356426
10882 -4.725677544356426
10885 -4.725677544356426
10891 -4.725677544356426
10899 -4.725677544356426
10905 -4.725677544356426
10907 -4.725677544356426
10913 -4.725677544356426
10918 -4.725677544356426
10922 -4.725677544356426
10926 -4.725677544356426
10946 -4.725677544356426
10949 -4.725677544356426
10954 -4.725677544356426
10958 -4.725677544356426
10963 -4.725677544356426
10971 -4.725677544356426
10975 -4.725677544356426
10980 -4.725677544356426
10985 -4.725677544356426
10993 -4.725677544356426
10996 -4.725677544356426
10999 -4.725677544356426
11001 -4.725677544356426
11005 -4.725677544356426
11014 -4.725677544356426
11019 -4.725677544356426
11024 -4.725677544356426
11028 -4.725677544356426
11036 -4.725677544356426
11040 -4.725677544356426
11058 -4.725677544356426
11061 -4.725677544356426
11066 -4.725677544356426
11072 -4.725677544356426
11074 -4.725677544356426
11076 -4.725677544356426
11079 -4.725677544356426
11084 -4.725677544356426
11087 -4.725677544356426
11098 -4.725677544356426
11110 -4.725677544356426
11122 -4.725677544356426
11129 -4.725677544356426
11136 -4.725677544356426
11146 -4.725677544356426
11154 -4.725677544356426
11158 -4.725677544356426
11161 -4.725677544356426
11168 -4.725677544356426
11169 -4.725677544356426
11172 -4.725677544356426
11176 -4.725677544356426
11202 -4.725677544356426
11205 -4.725677544356426
11212 -4.725677544356426
11218 -4.725677544356426
11221 -4.725677544356426
11224 -4.725677544356426
11229 -4.725677544356426
11232 -4.725677544356426
11233 -4.725677544356426
11243 -4.725677544356426
11251 -4.725677544356426
11254 -4.725677544356426
11260 -4.780542035485141
11264 -4.780542035485141
11273 -4.780542035485141
11279 -4.780542035485141
11281 -4.780542035485141
11285 -4.780542035485141
11287 -4.780542035485141
11291 -4.780542035485141
11295 -4.780542035485141
11299 -4.780542035485141
11302 -4.780542035485141
11331 -4.780542035485141
11350 -4.780542035485141
11352 -4.780542035485141
11357 -4.780542035485141
11363 -4.780542035485141
11376 -4.780542035485141
11378 -4.780542035485141
11385 -4.780542035485141
11389 -4.780542035485141
11392 -4.780542035485141
11401 -4.780542035485141
11409 -4.780542035485141
11418 -4.780542035485141
11421 -4.780542035485141
11426 -4.780542035485141
11432 -4.780542035485141
11435 -4.780542035485141
11442 -4.780542035485141
11447 -4.780542035485141
11453 -4.780542035485141
11470 -4.780542035485141
11474 -4.780542035485141
11478 -4.780542035485141
11499 -4.780542035485141
11508 -4.780542035485141
11519 -4.780542035485141
11524 -4.780542035485141
11527 -4.780542035485141
11532 -4.780542035485141
11539 -4.780542035485141
11542 -4.780542035485141
11548 -4.780542035485141
11552 -4.780542035485141
11567 -4.780542035485141
11571 -4.780542035485141
11573 -4.780542035485141
11579 -4.780542035485141
11585 -4.780542035485141
11593 -4.780542035485141
11598 -4.780542035485141
11603 -4.780542035485141
11614 -4.780542035485141
11619 -4.780542035485141
11626 -4.780542035485141
11631 -4.780542035485141
11635 -4.780542035485141
11641 -4.780542035485141
11649 -4.780542035485141
11651 -4.780542035485141
11654 -4.780542035485141
11663 -4.780542035485141
11667 -4.780542035485141
11671 -4.780542035485141
11682 -4.780542035485141
11684 -4.780542035485141
11687 -4.780542035485141
11690 -4.780542035485141
11693 -4.780542035485141
11701 -4.780542035485141
11711 -4.780542035485141
11714 -4.780542035485141
11716 -4.780542035485141
11736 -4.780542035485141
11740 -4.780542035485141
11753 -4.780542035485141
11757 -4.780542035485141
11760 -4.780542035485141
11764 -4.780542035485141
11773 -4.780542035485141
11789 -4.780542035485141
11793 -4.780542035485141
11796 -4.780542035485141
11799 -4.780542035485141
11803 -4.780542035485141
11810 -4.780542035485141
11813 -4.780542035485141
11821 -4.780542035485141
11825 -4.780542035485141
11831 -4.780542035485141
11840 -4.780542035485141
11846 -4.780542035485141
11852 -4.780542035485141
11871 -4.780542035485141
11884 -4.780542035485141
11898 -4.780542035485141
11906 -4.780542035485141
11909 -4.780542035485141
11913 -4.780542035485141
11948 -4.780542035485141
11955 -4.780542035485141
11959 -4.780542035485141
11972 -4.780542035485141
11986 -4.780542035485141
11988 -4.780542035485141
11992 -4.780542035485141
11995 -4.780542035485141
11998 -4.780542035485141
12003 -4.780542035485141
12007 -4.780542035485141
12017 -4.780542035485141
12024 -4.780542035485141
12027 -4.780542035485141
12029 -4.780542035485141
12033 -4.780542035485141
12038 -4.780542035485141
12043 -4.780542035485141
12046 -4.780542035485141
12064 -4.780542035485141
12069 -4.780542035485141
12078 -4.780542035485141
12085 -4.780542035485141
12087 -4.780542035485141
12090 -4.780542035485141
12093 -4.780542035485141
12096 -4.780542035485141
12099 -4.780542035485141
12103 -4.780542035485141
12123 -4.780542035485141
12127 -4.780542035485141
12133 -4.780542035485141
12138 -4.780542035485141
12143 -4.780542035485141
12147 -4.780542035485141
12155 -4.780542035485141
12159 -4.780542035485141
12161 -4.780542035485141
12166 -4.780542035485141
12183 -4.780542035485141
12192 -4.780542035485141
12196 -4.780542035485141
12216 -4.780542035485141
12220 -4.780542035485141
12225 -4.780542035485141
12229 -4.780542035485141
12234 -4.780542035485141
12239 -4.780542035485141
12263 -4.780542035485141
12267 -4.780542035485141
12277 -4.780542035485141
12287 -4.780542035485141
12289 -4.780542035485141
12291 -4.780542035485141
12298 -4.780542035485141
12316 -4.780542035485141
12319 -4.780542035485141
12322 -4.780542035485141
12327 -4.780542035485141
12346 -4.780542035485141
12351 -4.780542035485141
12353 -4.780542035485141
12359 -4.780542035485141
12365 -4.780542035485141
12369 -4.780542035485141
12373 -4.780542035485141
12380 -4.780542035485141
12388 -4.780542035485141
12395 -4.780542035485141
12417 -4.780542035485141
12420 -4.780542035485141
12433 -4.780542035485141
12436 -4.780542035485141
12450 -4.780542035485141
12457 -4.780542035485141
12462 -4.780542035485141
12468 -4.780542035485141
12472 -4.780542035485141
12476 -4.780542035485141
12481 -4.780542035485141
12506 -4.780542035485141
12509 -4.780542035485141
12516 -4.780542035485141
12520 -4.780542035485141
12524 -4.780542035485141
12527 -4.780542035485141
12530 -4.780542035485141
12536 -4.780542035485141
12541 -4.780542035485141
12544 -4.780542035485141
12546 -4.780542035485141
12551 -4.780542035485141
12563 -4.780542035485141
12572 -4.780542035485141
12575 -4.780542035485141
12585 -4.780542035485141
12593 -4.780542035485141
12597 -4.780542035485141
12604 -4.780542035485141
12610 -4.780542035485141
12615 -4.780542035485141
12622 -4.780542035485141
12631 -4.780542035485141
12636 -4.780542035485141
12640 -4.780542035485141
12644 -4.780542035485141
12650 -4.780542035485141
12653 -4.780542035485141
12656 -4.780542035485141
12659 -4.780542035485141
12662 -4.780542035485141
12666 -4.780542035485141
12673 -4.780542035485141
12679 -4.780542035485141
12685 -4.780542035485141
12696 -4.780542035485141
12699 -4.780542035485141
12703 -4.780542035485141
12708 -4.780542035485141
12712 -4.780542035485141
12715 -4.780542035485141
12718 -4.780542035485141
12759 -4.780542035485141
12768 -4.780542035485141
12775 -4.780542035485141
12780 -4.780542035485141
12786 -4.780542035485141
12793 -4.780542035485141
12804 -4.780542035485141
12812 -4.780542035485141
12817 -4.780542035485141
12819 -4.780542035485141
12822 -4.780542035485141
12829 -4.780542035485141
12832 -4.780542035485141
12835 -4.780542035485141
12838 -4.780542035485141
12842 -4.780542035485141
12845 -4.780542035485141
12852 -4.780542035485141
12857 -4.780542035485141
12861 -4.780542035485141
12864 -4.780542035485141
12867 -4.780542035485141
12875 -4.780542035485141
12879 -4.780542035485141
12883 -4.780542035485141
12888 -4.780542035485141
12891 -4.780542035485141
12907 -4.780542035485141
12909 -4.780542035485141
12913 -4.780542035485141
12916 -4.780542035485141
12918 -4.780542035485141
12923 -4.780542035485141
12928 -4.780542035485141
12934 -4.780542035485141
12936 -4.780542035485141
12942 -4.780542035485141
12948 -4.780542035485141
12968 -4.780542035485141
12972 -4.780542035485141
12976 -4.780542035485141
12987 -4.780542035485141
12998 -4.780542035485141
13002 -4.780542035485141
13006 -4.780542035485141
13010 -4.780542035485141
13014 -4.780542035485141
13019 -4.780542035485141
13024 -4.780542035485141
13029 -4.780542035485141
13053 -4.780542035485141
13056 -4.780542035485141
13058 -4.780542035485141
13070 -4.780542035485141
13074 -4.780542035485141
13076 -4.780542035485141
13078 -4.780542035485141
13088 -4.780542035485141
13110 -4.780542035485141
13118 -4.780542035485141
13122 -4.780542035485141
13125 -4.780542035485141
13128 -4.780542035485141
13131 -4.780542035485141
13136 -4.780542035485141
13145 -4.780542035485141
13150 -4.780542035485141
13155 -4.780542035485141
13158 -4.780542035485141
13167 -4.780542035485141
13172 -4.780542035485141
13175 -4.780542035485141
13181 -4.780542035485141
13184 -4.780542035485141
13187 -4.780542035485141
13193 -4.824433628388112
13196 -4.824433628388112
13200 -4.824433628388112
13203 -4.824433628388112
13214 -4.824433628388112
13221 -4.824433628388112
13228 -4.824433628388112
13235 -4.824433628388112
13240 -4.824433628388112
13244 -4.824433628388112
13249 -4.824433628388112
13258 -4.824433628388112
13271 -4.824433628388112
13276 -4.824433628388112
13285 -4.824433628388112
13294 -4.824433628388112
13302 -4.824433628388112
13305 -4.824433628388112
13316 -4.824433628388112
13343 -4.824433628388112
13351 -4.824433628388112
13356 -4.824433628388112
13362 -4.824433628388112
13365 -4.824433628388112
13372 -4.824433628388112
13383 -4.824433628388112
13395 -4.859546902710489
13401 -4.859546902710489
13406 -4.859546902710489
13410 -4.859546902710489
13416 -4.859546902710489
13421 -4.859546902710489
13424 -4.859546902710489
13426 -4.859546902710489
13460 -4.859546902710489
13463 -4.859546902710489
13467 -4.859546902710489
13471 -4.859546902710489
13478 -4.859546902710489
13485 -4.859546902710489
13488 -4.859546902710489
13493 -4.859546902710489
13497 -4.859546902710489
13503 -4.859546902710489
13511 -4.859546902710489
13519 -4.859546902710489
13525 -4.859546902710489
13527 -4.859546902710489
13555 -4.859546902710489
13569 -4.859546902710489
13577 -4.859546902710489
13582 -4.859546902710489
13598 -4.859546902710489
13602 -4.859546902710489
13604 -4.859546902710489
13607 -4.859546902710489
13610 -4.859546902710489
13616 -4.859546902710489
13640 -4.859546902710489
13654 -4.859546902710489
13665 -4.859546902710489
13668 -4.859546902710489
13672 -4.859546902710489
13694 -4.859546902710489
13700 -4.859546902710489
13704 -4.859546902710489
13716 -4.859546902710489
13719 -4.859546902710489
13723 -4.859546902710489
13727 -4.859546902710489
13734 -4.859546902710489
13737 -4.859546902710489
13747 -4.859546902710489
13768 -4.859546902710489
13776 -4.859546902710489
13783 -4.859546902710489
13786 -4.859546902710489
13790 -4.859546902710489
13796 -4.859546902710489
13804 -4.859546902710489
13813 -4.859546902710489
13818 -4.859546902710489
13820 -4.859546902710489
13823 -4.859546902710489
13828 -4.859546902710489
13831 -4.859546902710489
13834 -4.859546902710489
13836 -4.859546902710489
13841 -4.859546902710489
13846 -4.859546902710489
13850 -4.859546902710489
13891 -4.859546902710489
13896 -4.859546902710489
13900 -4.859546902710489
13903 -4.859546902710489
13910 -4.859546902710489
13914 -4.859546902710489
13916 -4.859546902710489
13943 -4.859546902710489
13947 -4.859546902710489
13950 -4.859546902710489
13957 -4.859546902710489
13963 -4.859546902710489
13966 -4.859546902710489
13979 -4.859546902710489
13981 -4.859546902710489
13984 -4.859546902710489
13992 -4.859546902710489
13996 -4.859546902710489
13999 -4.859546902710489
14004 -4.859546902710489
14007 -4.859546902710489
14014 -4.859546902710489
14019 -4.859546902710489
14024 -4.859546902710489
14029 -4.859546902710489
14036 -4.859546902710489
14044 -4.859546902710489
14048 -4.859546902710489
14053 -4.859546902710489
14057 -4.859546902710489
14064 -4.859546902710489
14067 -4.859546902710489
14072 -4.859546902710489
14078 -4.859546902710489
14083 -4.859546902710489
14101 -4.859546902710489
14107 -4.859546902710489
14111 -4.859546902710489
14124 -4.859546902710489
14142 -4.859546902710489
14160 -4.859546902710489
14165 -4.859546902710489
14170 -4.859546902710489
14173 -4.859546902710489
14178 -4.859546902710489
14180 -4.859546902710489
14204 -4.859546902710489
14210 -4.859546902710489
14214 -4.859546902710489
14218 -4.859546902710489
14222 -4.859546902710489
14240 -4.859546902710489
14246 -4.859546902710489
14250 -4.859546902710489
14255 -4.859546902710489
14264 -4.859546902710489
14278 -4.859546902710489
14291 -4.859546902710489
14295 -4.859546902710489
14313 -4.859546902710489
14316 -4.859546902710489
14320 -4.859546902710489
14334 -4.859546902710489
14341 -4.859546902710489
14348 -4.859546902710489
14351 -4.859546902710489
14354 -4.859546902710489
14359 -4.859546902710489
14362 -4.859546902710489
14366 -4.859546902710489
14372 -4.859546902710489
14376 -4.859546902710489
14382 -4.859546902710489
14385 -4.859546902710489
14390 -4.859546902710489
14395 -4.859546902710489
14399 -4.859546902710489
14403 -4.859546902710489
14421 -4.859546902710489
14443 -4.859546902710489
14447 -4.859546902710489
14449 -4.859546902710489
14457 -4.859546902710489
14464 -4.859546902710489
14472 -4.859546902710489
14483 -4.859546902710489
14486 -4.859546902710489
14489 -4.859546902710489
14491 -4.859546902710489
14505 -4.859546902710489
14508 -4.859546902710489
14514 -4.859546902710489
14518 -4.859546902710489
14522 -4.859546902710489
14525 -4.859546902710489
14528 -4.859546902710489
14534 -4.859546902710489
14546 -4.859546902710489
14555 -4.859546902710489
14558 -4.859546902710489
14564 -4.859546902710489
14569 -4.859546902710489
14573 -4.859546902710489
14576 -4.859546902710489
14580 -4.859546902710489
14596 -4.859546902710489
14601 -4.859546902710489
14610 -4.859546902710489
14616 -4.859546902710489
14619 -4.859546902710489
14625 -4.859546902710489
14629 -4.859546902710489
14638 -4.859546902710489
14649 -4.859546902710489
14652 -4.859546902710489
14655 -4.859546902710489
14666 -4.859546902710489
14677 -4.859546902710489
14683 -4.859546902710489
14687 -4.859546902710489
14691 -4.859546902710489
14703 -4.859546902710489
14707 -4.859546902710489
14713 -4.859546902710489
14718 -4.859546902710489
14726 -4.859546902710489
14729 -4.859546902710489
14732 -4.859546902710489
14734 -4.859546902710489
14738 -4.859546902710489
14747 -4.859546902710489
14755 -4.859546902710489
14767 -4.859546902710489
14770 -4.859546902710489
14774 -4.859546902710489
14780 -4.859546902710489
14786 -4.859546902710489
14791 -4.859546902710489
14799 -4.859546902710489
14805 -4.859546902710489
14808 -4.859546902710489
14810 -4.859546902710489
14837 -4.887637522168392
14840 -4.887637522168392
14844 -4.887637522168392
14847 -4.887637522168392
14857 -4.887637522168392
14875 -4.887637522168392
14880 -4.887637522168392
14899 -4.887637522168392
14908 -4.887637522168392
14915 -4.887637522168392
14928 -4.887637522168392
14931 -4.887637522168392
14943 -4.887637522168392
14947 -4.887637522168392
14949 -4.887637522168392
14962 -4.887637522168392
14965 -4.887637522168392
14970 -4.887637522168392
14985 -4.887637522168392
15003 -4.887637522168392
15007 -4.887637522168392
15011 -4.887637522168392
15015 -4.887637522168392
15022 -4.887637522168392
15028 -4.887637522168392
15030 -4.887637522168392
15034 -4.887637522168392
15037 -4.887637522168392
15041 -4.887637522168392
15044 -4.887637522168392
15053 -4.887637522168392
15061 -4.887637522168392
15065 -4.887637522168392
15067 -4.887637522168392
15079 -4.887637522168392
15085 -4.887637522168392
15094 -4.887637522168392
15102 -4.887637522168392
15105 -4.887637522168392
15107 -4.887637522168392
15125 -4.887637522168392
15128 -4.887637522168392
15148 -4.887637522168392
15158 -4.887637522168392
15162 -4.887637522168392
15166 -4.887637522168392
15172 -4.887637522168392
15178 -4.887637522168392
15181 -4.887637522168392
15195 -4.887637522168392
15213 -4.887637522168392
15233 -4.887637522168392
15250 -4.887637522168392
15266 -4.887637522168392
15273 -4.887637522168392
15281 -4.887637522168392
15285 -4.887637522168392
15305 -4.887637522168392
15325 -4.887637522168392
15327 -4.887637522168392
15334 -4.887637522168392
15342 -4.887637522168392
15349 -4.887637522168392
15352 -4.887637522168392
15359 -4.887637522168392
15366 -4.887637522168392
15369 -4.887637522168392
15371 -4.887637522168392
15375 -4.887637522168392
15384 -4.887637522168392
15389 -4.887637522168392
15394 -4.887637522168392
15397 -4.887637522168392
15398 -4.887637522168392
15418 -4.887637522168392
15421 -4.887637522168392
15428 -4.887637522168392
15432 -4.887637522168392
15437 -4.887637522168392
15444 -4.887637522168392
15447 -4.887637522168392
15452 -4.887637522168392
15455 -4.887637522168392
15487 -4.887637522168392
15498 -4.887637522168392
15502 -4.887637522168392
15505 -4.887637522168392
15507 -4.887637522168392
15509 -4.887637522168392
15520 -4.887637522168392
15527 -4.887637522168392
15530 -4.887637522168392
15533 -4.887637522168392
15535 -4.887637522168392
15543 -4.887637522168392
15548 -4.887637522168392
15551 -4.887637522168392
15557 -4.887637522168392
15563 -4.887637522168392
15568 -4.887637522168392
15574 -4.887637522168392
15583 -4.887637522168392
15590 -4.887637522168392
15599 -4.887637522168392
15605 -4.887637522168392
15607 -4.887637522168392
15611 -4.887637522168392
15615 -4.887637522168392
15618 -4.887637522168392
15636 -4.887637522168392
15659 -4.887637522168392
15666 -4.887637522168392
15669 -4.887637522168392
15674 -4.887637522168392
15676 -4.887637522168392
15683 -4.887637522168392
15686 -4.887637522168392
15690 -4.887637522168392
15695 -4.887637522168392
15697 -4.887637522168392
15703 -4.887637522168392
15708 -4.887637522168392
15712 -4.887637522168392
15718 -4.887637522168392
15721 -4.887637522168392
15727 -4.887637522168392
15732 -4.887637522168392
15738 -4.887637522168392
15746 -4.887637522168392
15752 -4.887637522168392
15754 -4.887637522168392
15757 -4.887637522168392
15760 -4.887637522168392
15765 -4.887637522168392
15773 -4.887637522168392
15776 -4.887637522168392
15779 -4.887637522168392
15783 -4.887637522168392
15786 -4.887637522168392
15790 -4.887637522168392
15794 -4.887637522168392
15797 -4.887637522168392
15803 -4.887637522168392
15811 -4.887637522168392
15816 -4.887637522168392
15820 -4.887637522168392
15822 -4.887637522168392
15826 -4.887637522168392
15842 -4.887637522168392
15845 -4.887637522168392
15850 -4.887637522168392
15858 -4.887637522168392
15868 -4.887637522168392
15877 -4.887637522168392
15894 -4.887637522168392
15896 -4.887637522168392
15902 -4.887637522168392
15905 -4.887637522168392
15912 -4.887637522168392
15917 -4.887637522168392
15920 -4.887637522168392
15924 -4.887637522168392
15926 -4.887637522168392
15931 -4.887637522168392
15934 -4.887637522168392
15938 -4.887637522168392
15942 -4.887637522168392
15958 -4.887637522168392
15967 -4.887637522168392
15972 -4.887637522168392
15975 -4.887637522168392
15978 -4.887637522168392
15985 -4.887637522168392
15999 -4.887637522168392
16002 -4.887637522168392
16006 -4.887637522168392
16016 -4.887637522168392
16026 -4.887637522168392
16030 -4.887637522168392
16034 -4.887637522168392
16044 -4.887637522168392
16049 -4.887637522168392
16053 -4.887637522168392
16059 -4.887637522168392
16063 -4.887637522168392
16069 -4.887637522168392
16073 -4.887637522168392
16080 -4.887637522168392
16084 -4.887637522168392
16088 -4.887637522168392
16116 -4.887637522168392
16123 -4.887637522168392
16134 -4.887637522168392
16139 -4.887637522168392
16143 -4.887637522168392
16147 -4.887637522168392
16150 -4.887637522168392
16161 -4.887637522168392
16172 -4.887637522168392
16178 -4.887637522168392
16183 -4.887637522168392
16186 -4.887637522168392
16193 -4.887637522168392
16201 -4.887637522168392
16206 -4.887637522168392
16232 -4.887637522168392
16240 -4.887637522168392
16245 -4.887637522168392
16249 -4.887637522168392
16252 -4.887637522168392
16256 -4.887637522168392
16289 -4.887637522168392
16293 -4.887637522168392
16296 -4.887637522168392
16298 -4.887637522168392
16301 -4.887637522168392
16306 -4.887637522168392
16318 -4.887637522168392
16326 -4.887637522168392
16333 -4.887637522168392
16355 -4.887637522168392
16360 -4.887637522168392
16367 -4.887637522168392
16371 -4.887637522168392
16373 -4.887637522168392
16377 -4.887637522168392
16381 -4.887637522168392
16383 -4.887637522168392
16387 -4.887637522168392
16394 -4.887637522168392
16397 -4.887637522168392
16400 -4.887637522168392
16420 -4.887637522168392
16427 -4.887637522168392
16437 -4.887637522168392
16441 -4.887637522168392
16444 -4.887637522168392
16448 -4.887637522168392
16452 -4.887637522168392
16456 -4.887637522168392
16465 -4.887637522168392
16471 -4.887637522168392
16475 -4.887637522168392
16480 -4.887637522168392
16486 -4.887637522168392
16509 -4.887637522168392
16517 -4.887637522168392
16519 -4.887637522168392
16523 -4.887637522168392
16555 -4.887637522168392
16567 -4.887637522168392
16588 -4.887637522168392
16596 -4.887637522168392
16604 -4.887637522168392
16608 -4.887637522168392
16610 -4.887637522168392
16621 -4.887637522168392
16625 -4.887637522168392
16633 -4.887637522168392
16636 -4.887637522168392
16642 -4.887637522168392
16647 -4.887637522168392
16653 -4.887637522168392
16657 -4.887637522168392
16661 -4.887637522168392
16666 -4.887637522168392
16674 -4.887637522168392
16679 -4.887637522168392
16681 -4.887637522168392
1668