31 0.1
105 0.43289113600000007
108 0.4463129088000001
109 0.45705032704000004
131 0.4725122093056
180 0.42699280074525914
193 0.2986203139815728
304 0.4402032760772534
309 0.4617300966894422
311 0.29550726188124304
313 0.2891246476039956
318 0.33129971808319647
339 0.3136254556585967
343 0.35090036452687734
371 0.3236609866377612
377 0.3871430314481672
384 0.40971442515853373
442 0.31921522283594844
466 0.204297742615007
467 0.1634381940920056
476 0.2307505552736045
524 0.28460044421888364
529 0.28214428430008553
559 0.29556629884931507
597 0.31626395600867946
600 0.3530111648069436
602 0.3824089318455549
608 0.40592714547644393
623 0.38783469848393937
638 0.4102677587871515
642 0.362571365623777
648 0.362571365623777
649 0.2900570924990216
651 0.26563653919937386
652 0.2125092313594991
653 0.17000738508759927
657 0.20880472645606354
661 0.26704378116485084
697 0.35338113276512295
765 0.22616392496967871
771 0.22616392496967871
789 0.22616392496967871
813 0.2726367436675804
843 0.35567201020624095
853 0.3076300865319943
854 0.24610406922559547
862 0.19688325538047638
886 0.15750660430438113
890 0.1260052834435049
892 0.10080422675480392
893 0.18064338140384315
894 0.14451470512307452
895 0.11561176409845962
952 0.0924894112787677
956 0.07399152902301416
973 0.2743069302878266
1007 0.29484489491671506
1008 0.23587591593337207
1015 0.18870073274669766
1042 0.30076846895788656
1051 0.30076846895788656
1060 0.30076846895788656
1064 0.30076846895788656
1068 0.3406147751663092
1082 0.17439476488515038
1084 0.17439476488515038
1092 0.17439476488515038
1094 0.23951581190812032
1096 0.29161264952649624
1097 0.233290119621197
1121 0.21944454124605287
1122 0.1755556329968423
1124 0.19235560511797908
1125 0.15388448409438327
1126 0.12310758727550662
1128 0.09848606982040531
1138 0.17878885585632426
1141 0.11442486774804753
1143 0.19153989419843803
1161 0.20258553228700038
1164 0.2620684258296003
1165 0.20965474066368028
1166 0.16772379253094424
1174 0.2341790340247554
1175 0.18734322721980434
1176 0.14987458177584348
1194 0.2198996654206748
1205 0.2198996654206748
1215 0.2198996654206748
1237 0.2759197323365399
1239 0.2759197323365399
1256 0.3207357858692319
1259 0.3207357858692319
1262 0.3207357858692319
1265 0.3207357858692319
1287 0.2565886286953855
1299 0.2565886286953855
1336 0.2565886286953855
1339 0.2565886286953855
1342 0.2565886286953855
1360 0.30527090295630843
1376 0.34421672236504675
1383 0.34421672236504675
1387 0.34421672236504675
1389 0.34421672236504675
1391 0.34421672236504675
1397 0.34421672236504675
1438 0.25619116948072324
1444 0.25619116948072324
1474 0.20493590301930426
1481 0.20493590301930426
1482 0.2639487224154434
1486 0.24892718234588382
1493 0.19914174587670708
1497 0.19914174587670708
1510 0.15931339670136568
1543 0.15931339670136568
1547 0.15931339670136568
1550 0.15931339670136568
1553 0.12745071736109256
1556 0.12745071736109256
1569 0.08156845911109925
1574 0.08156845911109925
1581 0.08156845911109925
1626 0.23220381383110353
1663 0.23220381383110353
1681 0.32861044085190627
1689 0.32861044085190627
1732 0.32861044085190627
1752 0.3628883526815251
1757 0.3628883526815251
1765 0.3628883526815251
1778 0.3628883526815251
1806 0.3628883526815251
1820 0.3628883526815251
1857 0.3628883526815251
1860 0.3628883526815251
1867 0.24979883657294089
1870 0.24979883657294089
1873 0.24979883657294089
1877 0.24979883657294089
1881 0.24979883657294089
1887 0.24979883657294089
1921 0.24979883657294089
1928 0.24979883657294089
1951 0.24979883657294089
1991 0.24979883657294089
1994 0.24979883657294089
1999 0.1998390692583527
2002 0.1998390692583527
2014 0.1998390692583527
2017 0.1998390692583527
2023 0.1998390692583527
2062 0.1998390692583527
2066 0.1998390692583527
2072 0.1998390692583527
2077 0.15987125540668218
2079 0.15987125540668218
2112 0.12789700432534576
2121 0.12789700432534576
2133 0.12789700432534576
2149 0.12789700432534576
2157 0.12789700432534576
2166 0.12789700432534576
2168 0.12789700432534576
2171 0.12789700432534576
2179 0.12789700432534576
2232 0.12789700432534576
2239 0.12789700432534576
2258 0.12789700432534576
2293 0.12789700432534576
2311 0.12789700432534576
2318 0.12789700432534576
2321 0.12789700432534576
2355 0.12789700432534576
2361 0.12789700432534576
2385 0.12789700432534576
2396 0.10231760346027662
2430 0.10231760346027662
2445 0.10231760346027662
2463 0.0818540827682213
2469 0.0818540827682213
2474 0.0818540827682213
2477 0.0818540827682213
2479 0.0818540827682213
2499 0.0818540827682213
2511 0.0818540827682213
2535 0.0818540827682213
2571 0.13238661297166163
2578 0.13238661297166163
2582 0.13238661297166163
2596 0.13238661297166163
2625 0.2059092903773293
2649 0.2059092903773293
2665 0.2059092903773293
2673 0.2059092903773293
2675 0.2059092903773293
2681 0.2059092903773293
2685 0.2059092903773293
2702 0.2059092903773293
2706 0.2059092903773293
2730 0.2059092903773293
2748 0.2059092903773293
2756 0.2059092903773293
2761 0.2059092903773293
2778 0.2059092903773293
2790 0.2059092903773293
2799 0.2059092903773293
2811 0.2059092903773293
2814 0.2059092903773293
2819 0.2059092903773293
2824 0.2059092903773293
2849 0.16472743230186346
2851 0.16472743230186346
2853 0.16472743230186346
2862 0.16472743230186346
2873 0.16472743230186346
2877 0.16472743230186346
2879 0.16472743230186346
2882 0.16472743230186346
2889 0.10542555667319263
2902 0.10542555667319263
2911 0.10542555667319263
2917 0.10542555667319263
2923 0.08434044533855412
2932 0.05397788501667464
2937 0.043182308013339714
2939 0.043182308013339714
2941 0.043182308013339714
2944 0.043182308013339714
2968 0.03454584641067177
2975 0.03454584641067177
2977 0.03454584641067177
2982 0.03454584641067177
2990 0.03454584641067177
3000 0.03454584641067177
3005 0.03454584641067177
3008 0.03454584641067177
3075 0.03454584641067177
3079 0.03454584641067177
3122 0.03454584641067177
3125 0.03454584641067177
3136 0.03454584641067177
3150 0.03454584641067177
3162 0.03454584641067177
3167 0.03454584641067177
3178 0.03454584641067177
3185 0.03454584641067177
3199 0.02763667712853742
3229 0.02763667712853742
3266 0.02763667712853742
3271 0.02763667712853742
3279 0.02763667712853742
3281 0.02763667712853742
3303 0.02763667712853742
3324 0.02763667712853742
3339 0.02763667712853742
3343 0.02763667712853742
3367 0.01768747336226395
3391 0.09131998295184894
3410 0.09131998295184894
3425 0.09131998295184894
3438 0.09131998295184894
3443 0.09131998295184894
3445 0.09131998295184894
3447 0.09131998295184894
3454 0.09131998295184894
3459 0.09131998295184894
3471 0.09131998295184894
3484 0.07305598636147916
3486 0.07305598636147916
3508 0.058444789089183324
3526 0.058444789089183324
3534 0.058444789089183324
3540 0.046755831271346665
3544 0.046755831271346665
3546 0.046755831271346665
3551 0.037404665017077336
3554 0.037404665017077336
3559 0.037404665017077336
3564 0.037404665017077336
3567 0.037404665017077336
3569 0.037404665017077336
3592 0.037404665017077336
3606 0.037404665017077336
3624 0.037404665017077336
3634 0.029923732013661872
3649 0.029923732013661872
3658 0.029923732013661872
3683 0.029923732013661872
3687 0.029923732013661872
3710 0.029923732013661872
3720 0.029923732013661872
3724 0.029923732013661872
3727 0.029923732013661872
3731 0.029923732013661872
3735 0.029923732013661872
3780 0.029923732013661872
3791 0.029923732013661872
3841 0.029923732013661872
3851 0.029923732013661872
3867 0.029923732013661872
3872 0.029923732013661872
3890 0.023938985610929497
3898 0.023938985610929497
3902 0.023938985610929497
3929 0.023938985610929497
3932 0.023938985610929497
3946 0.023938985610929497
3981 0.023938985610929497
4038 0.023938985610929497
4058 0.023938985610929497
4100 0.023938985610929497
4125 0.023938985610929497
4129 0.023938985610929497
4149 0.023938985610929497
4175 0.023938985610929497
4194 0.0191511884887436
4198 0.0191511884887436
4210 0.0191511884887436
4227 0.0191511884887436
4239 0.0191511884887436
4274 0.0191511884887436
4280 0.0191511884887436
4285 0.0191511884887436
4291 0.0191511884887436
4295 0.0191511884887436
4301 0.0191511884887436
4303 0.0191511884887436
4312 0.0191511884887436
4351 0.0191511884887436
4370 0.0191511884887436
4379 0.0191511884887436
4383 0.0191511884887436
4387 0.0191511884887436
4392 0.0191511884887436
4395 0.0191511884887436
4398 0.01532095079099488
4424 0.01532095079099488
4467 0.01532095079099488
4471 0.01532095079099488
4487 0.01532095079099488
4507 0.01532095079099488
4509 0.01532095079099488
4512 0.01532095079099488
4517 0.01532095079099488
4534 0.01532095079099488
4538 0.01532095079099488
4556 0.01532095079099488
4579 0.01532095079099488
4582 0.01532095079099488
4592 0.01532095079099488
4598 0.01532095079099488
4617 0.012256760632795904
4622 0.012256760632795904
4625 0.012256760632795904
4628 0.012256760632795904
4652 0.012256760632795904
4661 0.009805408506236724
4669 0.009805408506236724
4707 0.009805408506236724
4711 0.009805408506236724
4725 0.009805408506236724
4729 0.009805408506236724
4758 0.009805408506236724
4764 0.009805408506236724
4779 0.009805408506236724
4784 0.009805408506236724
4836 0.009805408506236724
4846 0.009805408506236724
4855 0.009805408506236724
4884 0.009805408506236724
4888 0.00784432680498938
4903 0.00784432680498938
4911 0.10627546144399151
4944 0.08502036915519322
4955 0.08502036915519322
4972 0.08502036915519322
4992 0.08502036915519322
5045 0.08502036915519322
5048 0.08502036915519322
5074 0.16801629532415457
5120 0.16801629532415457
5123 0.16801629532415457
5156 0.13441303625932366
5190 0.13441303625932366
5195 0.13441303625932366
5209 0.10753042900745893
5259 0.06881947456477372
5283 0.06881947456477372
5305 0.06881947456477372
5308 0.06881947456477372
5328 0.06881947456477372
5337 0.06881947456477372
5345 0.06881947456477372
5371 0.06881947456477372
5376 0.06881947456477372
5396 0.06881947456477372
5400 0.06881947456477372
5417 0.05505557965181898
5451 0.05505557965181898
5506 0.05505557965181898
5515 0.05505557965181898
5546 0.05505557965181898
5553 0.05505557965181898
5558 0.044044463721455186
5564 0.044044463721455186
5584 0.044044463721455186
5610 0.044044463721455186
5617 0.044044463721455186
5622 0.044044463721455186
5626 0.044044463721455186
5634 0.044044463721455186
5640 0.044044463721455186
5648 0.044044463721455186
5652 0.044044463721455186
5666 0.044044463721455186
5678 0.044044463721455186
5685 0.044044463721455186
5698 0.044044463721455186
5708 0.044044463721455186
5711 0.044044463721455186
5732 0.044044463721455186
5743 0.03523557097716415
5749 0.03523557097716415
5752 0.03523557097716415
5756 0.03523557097716415
5758 0.03523557097716415
5761 0.03523557097716415
5773 0.03523557097716415
5780 0.03523557097716415
5784 0.03523557097716415
5788 0.03523557097716415
5794 0.12818845678173132
5829 0.12818845678173132
5834 0.12818845678173132
5844 0.12818845678173132
5894 0.10255076542538506
5903 0.10255076542538506
5907 0.10255076542538506
5910 0.10255076542538506
5920 0.10255076542538506
5927 0.10255076542538506
5960 0.08204061234030806
5974 0.08204061234030806
5983 0.08204061234030806
5985 0.08204061234030806
5988 0.08204061234030806
6012 0.08204061234030806
6022 0.08204061234030806
6043 0.08204061234030806
6047 0.08204061234030806
6051 0.08204061234030806
6101 0.08204061234030806
6109 0.08204061234030806
6154 0.08204061234030806
6176 0.08204061234030806
6180 0.08204061234030806
6199 0.08204061234030806
6205 0.08204061234030806
6216 0.08204061234030806
6233 0.08204061234030806
6241 0.08204061234030806
6262 0.08204061234030806
6265 0.08204061234030806
6290 0.08204061234030806
6323 0.16563248987224644
6338 0.16563248987224644
6342 0.16563248987224644
6345 0.16563248987224644
6349 0.16563248987224644
6369 0.16563248987224644
6404 0.13250599189779716
6410 0.13250599189779716
6449 0.10600479351823773
6463 0.0848038348145902
6500 0.0848038348145902
6502 0.0848038348145902
6521 0.0848038348145902
6528 0.0848038348145902
6534 0.0848038348145902
6542 0.0848038348145902
6545 0.0848038348145902
6553 0.0848038348145902
6556 0.0848038348145902
6570 0.0848038348145902
6580 0.0848038348145902
6589 0.0848038348145902
6599 0.0848038348145902
6612 0.0848038348145902
6620 0.0848038348145902
6625 0.0848038348145902
6671 0.0848038348145902
6681 0.0848038348145902
6698 0.0848038348145902
6704 0.0848038348145902
6721 0.0848038348145902
6741 0.0848038348145902
6750 0.0848038348145902
6760 0.0848038348145902
6762 0.0848038348145902
6780 0.0848038348145902
6784 0.0848038348145902
6802 0.0848038348145902
6812 0.0848038348145902
6841 0.06784306785167216
6845 0.06784306785167216
6852 0.06784306785167216
6858 0.06784306785167216
6872 0.06784306785167216
6915 0.06784306785167216
6919 0.06784306785167216
6964 0.06784306785167216
6968 0.06784306785167216
6972 0.06784306785167216
7006 0.05427445428133773
7029 0.05427445428133773
7049 0.1434195634250702
7054 0.1434195634250702
7070 0.1434195634250702
7093 0.1434195634250702
7133 0.1434195634250702
7183 0.1434195634250702
7187 0.1434195634250702
7203 0.1434195634250702
7205 0.1434195634250702
7223 0.1434195634250702
7235 0.1434195634250702
7264 0.1434195634250702
7268 0.1434195634250702
7282 0.1434195634250702
7286 0.1434195634250702
7307 0.1434195634250702
7310 0.1434195634250702
7345 0.1434195634250702
7350 0.11473565074005616
7352 0.11473565074005616
7361 0.11473565074005616
7371 0.11473565074005616
7413 0.11473565074005616
7438 0.11473565074005616
7459 0.11473565074005616
7511 0.11473565074005616
7516 0.09178852059204494
7522 0.09178852059204494
7550 0.09178852059204494
7560 0.09178852059204494
7600 0.09178852059204494
7623 0.09178852059204494
7627 0.09178852059204494
7645 0.09178852059204494
7674 0.09178852059204494
7682 0.09178852059204494
7690 0.09178852059204494
7694 0.09178852059204494
7711 0.09178852059204494
7722 0.09178852059204494
7812 0.09178852059204494
7848 0.09178852059204494
7879 0.09178852059204494
7882 0.09178852059204494
7927 0.09178852059204494
7947 0.09178852059204494
7952 0.09178852059204494
7966 0.09178852059204494
7988 0.09178852059204494
8020 0.09178852059204494
8035 0.09178852059204494
8067 0.09178852059204494
8160 0.09178852059204494
8170 0.09178852059204494
8200 0.09178852059204494
8228 0.09178852059204494
8252 0.09178852059204494
8266 0.09178852059204494
8320 0.09178852059204494
8327 0.09178852059204494
8345 0.09178852059204494
8397 0.09178852059204494
8402 0.09178852059204494
8418 0.09178852059204494
8421 0.09178852059204494
8435 0.09178852059204494
8442 0.07343081647363596
8490 0.07343081647363596
8496 0.07343081647363596
8516 0.07343081647363596
8530 0.07343081647363596
8533 0.07343081647363596
8557 0.07343081647363596
8568 0.07343081647363596
8575 0.07343081647363596
8578 0.07343081647363596
8590 0.07343081647363596
8617 0.07343081647363596
8628 0.07343081647363596
8643 0.07343081647363596
8663 0.05874465317890877
8670 0.05874465317890877
8680 0.05874465317890877
8687 0.05874465317890877
8705 0.05874465317890877
8722 0.05874465317890877
8739 0.05874465317890877
8755 0.05874465317890877
8770 0.05874465317890877
8773 0.05874465317890877
8779 0.05874465317890877
8795 0.04699572254312702
8799 0.04699572254312702
8818 0.04699572254312702
8866 0.04699572254312702
8871 0.04699572254312702
8929 0.04699572254312702
8933 0.04699572254312702
8948 0.04699572254312702
8955 0.04699572254312702
9001 0.04699572254312702
9005 0.04699572254312702
9025 0.04699572254312702
9046 0.04699572254312702
9048 0.04699572254312702
9052 0.04699572254312702
9077 0.037596578034501615
9104 0.037596578034501615
9134 0.037596578034501615
9144 0.037596578034501615
9160 0.030077262427601295
9179 0.030077262427601295
9197 0.030077262427601295
9204 0.030077262427601295
9213 0.030077262427601295
9256 0.030077262427601295
9267 0.030077262427601295
9270 0.030077262427601295
9273 0.030077262427601295
9278 0.030077262427601295
9295 0.030077262427601295
9305 0.030077262427601295
9307 0.030077262427601295
9311 0.030077262427601295
9317 0.030077262427601295
9334 0.030077262427601295
9353 0.030077262427601295
9363 0.024061809942081038
9388 0.024061809942081038
9392 0.024061809942081038
9405 0.024061809942081038
9423 0.024061809942081038
9429 0.024061809942081038
9444 0.024061809942081038
9451 0.024061809942081038
9460 0.024061809942081038
9473 0.024061809942081038
9477 0.024061809942081038
9490 0.024061809942081038
9493 0.024061809942081038
9500 0.024061809942081038
9510 0.024061809942081038
9516 0.024061809942081038
9526 0.024061809942081038
9535 0.024061809942081038
9578 0.024061809942081038
9595 0.024061809942081038
9601 0.024061809942081038
9656 0.024061809942081038
9687 0.024061809942081038
9718 0.024061809942081038
9728 0.024061809942081038
9732 0.024061809942081038
9746 0.024061809942081038
9753 0.024061809942081038
9756 0.024061809942081038
9780 0.024061809942081038
9792 0.024061809942081038
9804 0.024061809942081038
9808 0.024061809942081038
9848 0.024061809942081038
9859 0.024061809942081038
9924 0.01924944795366483
9948 0.01924944795366483
9952 0.01924944795366483
9978 0.01924944795366483
10012 0.01924944795366483
10023 0.01924944795366483
10048 0.01924944795366483
10057 0.01924944795366483
10064 0.01924944795366483
10072 0.01924944795366483
10083 0.01924944795366483
10108 0.01924944795366483
10112 0.01924944795366483
10139 0.01924944795366483
10153 0.01924944795366483
10162 0.01924944795366483
10165 0.01924944795366483
10196 0.01924944795366483
10204 0.01924944795366483
10226 0.01924944795366483
10231 0.01924944795366483
10244 0.01924944795366483
10254 0.01924944795366483
10274 0.01924944795366483
10289 0.01924944795366483
10292 0.01924944795366483
10314 0.01924944795366483
10330 0.01924944795366483
10340 0.01924944795366483
10351 0.01924944795366483
10369 0.01924944795366483
10373 0.01924944795366483
10380 0.01924944795366483
10386 0.01924944795366483
10390 0.01924944795366483
10422 0.01924944795366483
10442 0.01924944795366483
10449 0.01924944795366483
10453 0.01924944795366483
10457 0.01924944795366483
10461 0.01924944795366483
10465 0.01924944795366483
10491 0.01924944795366483
10529 0.01924944795366483
10538 0.01924944795366483
10544 0.01924944795366483
10573 0.01924944795366483
10591 0.01924944795366483
10633 0.01924944795366483
10657 0.01924944795366483
10661 0.01924944795366483
10688 0.01924944795366483
10704 0.01924944795366483
10737 0.01924944795366483
10785 0.01924944795366483
10790 0.01924944795366483
10841 0.01924944795366483
10848 0.01924944795366483
10873 0.01924944795366483
10877 0.01924944795366483
10891 0.01924944795366483
10899 0.01924944795366483
10918 0.01924944795366483
10922 0.01924944795366483
10926 0.01924944795366483
10963 0.01924944795366483
10975 0.01924944795366483
10986 0.015399558362931866
11005 0.015399558362931866
11024 0.015399558362931866
11028 0.015399558362931866
11036 0.015399558362931866
11058 0.015399558362931866
11066 0.015399558362931866
11072 0.015399558362931866
11079 0.015399558362931866
11084 0.015399558362931866
11098 0.015399558362931866
11110 0.015399558362931866
11146 0.015399558362931866
11154 0.015399558362931866
11161 0.015399558362931866
11169 0.012319646690345493
11176 0.012319646690345493
11187 0.012319646690345493
11218 0.012319646690345493
11221 0.012319646690345493
11229 0.012319646690345493
11233 0.012319646690345493
11251 0.012319646690345493
11254 0.012319646690345493
11285 0.012319646690345493
11295 0.012319646690345493
11299 0.012319646690345493
11350 0.012319646690345493
11363 0.012319646690345493
11376 0.012319646690345493
11381 0.012319646690345493
11389 0.012319646690345493
11421 0.012319646690345493
11426 0.012319646690345493
11432 0.012319646690345493
11435 0.012319646690345493
11443 0.009855717352276396
11465 0.009855717352276396
11474 0.009855717352276396
11478 0.009855717352276396
11496 0.009855717352276396
11539 0.009855717352276396
11543 0.007884573881821117
11552 0.007884573881821117
11579 0.007884573881821117
11598 0.007884573881821117
11603 0.007884573881821117
11633 0.007884573881821117
11635 0.007884573881821117
11642 0.006307659105456893
11649 0.006307659105456893
11663 0.006307659105456893
11671 0.006307659105456893
11693 0.006307659105456893
11714 0.006307659105456893
11740 0.006307659105456893
11753 0.006307659105456893
11793 0.006307659105456893
11810 0.006307659105456893
11821 0.006307659105456893
11840 0.006307659105456893
11884 0.006307659105456893
11906 0.006307659105456893
11909 0.006307659105456893
11913 0.006307659105456893
11959 0.006307659105456893
11980 0.006307659105456893
11992 0.006307659105456893
12003 0.006307659105456893
12024 0.006307659105456893
12033 0.006307659105456893
12038 0.006307659105456893
12043 0.006307659105456893
12090 0.006307659105456893
12093 0.006307659105456893
12099 0.006307659105456893
12123 0.006307659105456893
12133 0.006307659105456893
12143 0.006307659105456893
12166 0.006307659105456893
12192 0.006307659105456893
12229 0.006307659105456893
12234 0.006307659105456893
12239 0.006307659105456893
12267 0.006307659105456893
12287 0.006307659105456893
12298 0.006307659105456893
12328 0.005046127284365515
12351 0.005046127284365515
12365 0.005046127284365515
12369 0.005046127284365515
12380 0.005046127284365515
12388 0.005046127284365515
12395 0.005046127284365515
12433 0.005046127284365515
12468 0.005046127284365515
12481 0.005046127284365515
12506 0.005046127284365515
12516 0.005046127284365515
12520 0.005046127284365515
12524 0.005046127284365515
12536 0.005046127284365515
12551 0.005046127284365515
12572 0.005046127284365515
12593 0.005046127284365515
12622 0.005046127284365515
12653 0.005046127284365515
12666 0.005046127284365515
12673 0.005046127284365515
12679 0.005046127284365515
12685 0.005046127284365515
12703 0.005046127284365515
12708 0.005046127284365515
12712 0.005046127284365515
12718 0.005046127284365515
12749 0.005046127284365515
12768 0.005046127284365515
12775 0.005046127284365515
12780 0.005046127284365515
12793 0.005046127284365515
12822 0.005046127284365515
12829 0.005046127284365515
12861 0.005046127284365515
12864 0.005046127284365515
12907 0.005046127284365515
12923 0.005046127284365515
12942 0.005046127284365515
12976 0.005046127284365515
13019 0.005046127284365515
13024 0.005046127284365515
13029 0.005046127284365515
13070 0.005046127284365515
13074 0.005046127284365515
13088 0.005046127284365515
13110 0.005046127284365515
13136 0.005046127284365515
13139 0.005046127284365515
13155 0.005046127284365515
13172 0.005046127284365515
13184 0.005046127284365515
13187 0.005046127284365515
13200 0.005046127284365515
13244 0.005046127284365515
13249 0.005046127284365515
13316 0.005046127284365515
13365 0.004036901827492412
13372 0.004036901827492412
13388 0.004036901827492412
13416 0.004036901827492412
13421 0.004036901827492412
13471 0.004036901827492412
13485 0.004036901827492412
13497 0.004036901827492412
13503 0.004036901827492412
13511 0.004036901827492412
13519 0.004036901827492412
13525 0.004036901827492412
13555 0.004036901827492412
13569 0.004036901827492412
13582 0.004036901827492412
13590 0.004036901827492412
13598 0.004036901827492412
13602 0.004036901827492412
13613 0.004036901827492412
13616 0.004036901827492412
13672 0.004036901827492412
13704 0.004036901827492412
13716 0.004036901827492412
13727 0.004036901827492412
13783 0.004036901827492412
13796 0.004036901827492412
13823 0.004036901827492412
13834 0.004036901827492412
13841 0.004036901827492412
13846 0.004036901827492412
13850 0.004036901827492412
13891 0.004036901827492412
13910 0.004036901827492412
13943 0.004036901827492412
13947 0.004036901827492412
13966 0.004036901827492412
13979 0.004036901827492412
13992 0.004036901827492412
14007 0.004036901827492412
14024 0.004036901827492412
14029 0.004036901827492412
14