239 -1.0972800000000003
241 -1.0972800000000003
359 0.6591637053440005
364 1.3273309642752005
387 0.48949181713612844
396 1.1915934537089028
456 2.5620958482989584
471 2.8496766786391667
503 3.0797413429113334
504 3.263793074329067
588 2.7768496432451863
670 1.7771837716769197
694 2.861918091098583
747 1.6173020626424748
768 2.475073320091184
781 1.2240469248583579
847 1.9413696204219837
878 0.553095696337587
881 -0.5575234429299303
934 -0.7168150034751553
938 -0.7168150034751553
1009 -0.7168150034751553
1038 -0.7168150034751553
1041 -0.7168150034751553
1062 -0.7168150034751553
1067 -0.7168150034751553
1075 0.22654799721987584
1099 1.5849907182207206
1133 2.067992574576577
1249 3.2086497585465663
1252 3.3669198068372532
1296 3.493535845469803
1310 3.594828676375843
1356 3.7406903528805397
1357 3.792552282304432
1364 3.8672334606748366
1517 1.2240188254924136
1521 2.223372048315145
1522 2.578697638652116
1527 2.862958110921693
1528 3.090366488737355
1610 3.272293190989884
1704 3.4178345527919074
1724 3.5342676422335257
1725 3.6274141137868208
1747 3.7019312910294566
1748 3.761545032823565
1770 3.8473888210070823
1800 3.902328845444533
1822 3.921863076355627
1934 3.9374904610845016
1948 3.9499923688676013
2048 2.5279951160752647
2137 3.0579168742881704
2285 3.246333499430537
2286 3.3970667995444295
2308 2.174122751708435
2440 2.539298201366748
2507 2.8314385610933988
2529 3.065150848874719
2568 1.9616965432798203
2660 2.3693572346238563
2683 2.9563886301592683
2717 3.165110904127415
2722 3.332088723301932
2725 3.465670978641546
2726 3.572536782913237
2736 1.8580294263305897
2765 2.6291388328515772
2845 2.903311066281262
2864 3.1226488530250096
2905 3.438495265936006
2906 3.5507962127488053
2913 3.6406369701990444
2992 3.7125095761592357
2993 3.770007660927389
3033 3.816006128741911
3034 3.8528049029935287
3056 2.0822439223948233
3087 2.4657951379158587
3099 2.7726361103326873
3134 3.01810888826615
3159 3.2144871106129207
3160 3.371589688490337
3197 3.4972717507922697
3296 3.6782539205070526
3314 1.9426031364056424
3335 2.354082509124514
3341 0.8832660072996115
3353 1.5066128058396893
3354 2.0052902446717518
3360 2.4042321957374018
3371 2.7233857565899218
3427 2.9787086052719376
3456 3.1829668842175503
3481 3.4770988058992325
3621 3.6653432357755085
3673 3.732274588620407
3685 3.785819670896326
3690 3.828655736717061
3729 3.862924589373649
3745 3.8903396714989196
3778 2.1122717371991357
3795 2.4898173897593088
3818 2.791853911807447
3819 3.0334831294459574
3839 3.2267865035567658
3862 3.381429202845413
3976 3.505143362276331
4010 3.604114689821065
4018 3.683291751856852
4031 3.7466334014854814
4052 3.7973067211883853
4061 3.8378453769507086
4064 3.8702763015605672
4068 3.896221041248454
4088 3.9169768329987633
4096 3.933581466399011
4123 3.9468651731192095
4136 3.9574921384953674
4147 3.965993710796294
4160 3.972794968637035
4251 3.9782359749096283
4315 3.9825887799277027
4329 3.986071023942162
4330 3.98885681915373
4390 3.9910854553229838
4400 3.9928683642583875
4443 3.9942946914067106
4450 2.1954357531253685
4559 2.556348602500295
4577 2.8450788820002364
4587 3.0760631056001895
4600 3.2608504844801516
4655 3.4086803875841216
4699 3.5269443100672975
4719 3.6215554480538383
4760 1.897244358443071
4768 2.3177954867544566
4795 2.6542363894035654
4829 2.9233891115228525
4830 3.138711289218282
4849 3.3109690313746256
4913 3.448775225099701
4948 3.559020180079761
4970 1.8472161440638093
4974 2.2777729152510475
4975 2.622218332200838
5050 2.8977746657606707
5098 3.1182197326085364
5145 3.2945757860868294
5172 3.4356606288694636
5197 3.5485285030955707
5226 3.638822802476457
5319 3.711058241981166
5383 3.8150772748679467
5384 3.8520618198943577
5425 3.881649455915486
5474 3.9053195647323893
5482 2.1242556517859117
5492 2.4994045214287297
5493 2.7995236171429836
5509 3.039618893714387
5542 3.23169511497151
5548 1.585356091977208
5577 2.0682848735817663
5578 2.454627898865413
5579 2.7637023190923307
5580 3.010961855273865
5581 3.2087694842190926
5582 3.367015587375274
5632 3.49361246990022
5646 3.594889975920176
5695 3.6759119807361413
5696 3.7407295845889132
5729 1.9925836676711306
5730 2.3940669341369043
5741 0.9152535473095236
5764 1.532202837847619
5765 2.0257622702780953
5836 0.6206098162224762
5856 1.296487852977981
5889 1.837190282382385
5947 2.615801780724726
5955 2.8926414245797814
6020 1.3141131396638253
6027 1.8512905117310603
6091 2.2810324093848484
6150 2.624825927507879
6178 2.899860742006303
6189 3.119888593605043
6197 3.2959108748840347
6207 3.4367286999072277
6218 3.549382959925782
6260 3.6395063679406254
6306 3.7116050943525005
6309 3.769284075482001
6317 3.8154272603856008
6326 3.8523418083084806
6347 3.881873446646785
6394 3.905498757317428
6548 3.9243990058539424
6563 3.9395192046831538
6618 3.951615363746523
6684 3.9612922909972186
6753 3.969033832797775
6764 3.9752270662382205
6800 3.9801816529905762
6843 3.984145322392461
6847 3.987316257913969
6867 3.9898530063311757
6894 3.991882405064941
6939 3.993505924051953
6942 3.9948047392415624
6962 3.9958437913932503
6966 3.9966750331146006
6984 3.9973400264916803
6997 3.997872021193344
7019 3.998297616954676
7022 3.9986380935637404
7024 3.9989104748509927
7037 3.999128379880794
7064 3.999302703904635
7065 3.9994421631237085
7073 3.999553730498967
7163 3.9996429843991734
7170 3.9997143875193393
7171 3.9997715100154716
7178 3.9998172080123773
7179 3.9998537664099016
7215 3.9998830131279215
7233 3.999906410502337
7256 3.9999251284018698
7257 3.999940102721496
7288 3.999952082177197
7318 3.9999616657417576
7338 3.9999693325934063
7364 3.9999754660747255
7384 3.9999803728597803
7396 3.999984298287824
7404 3.999987438630259
7425 3.999989950904207
7433 3.9999919607233663
7450 3.9999935685786934
7544 3.9999948548629547
7545 3.9999958838903638
7572 3.999996707112291
7590 3.9999973656898327
7609 3.9999978925518667
7640 3.999998314041494
7688 3.999998651233195
7732 3.999998920986556
7770 3.9999991367892447
7774 3.999999309431396
7821 3.9999994475451173
7867 3.9999995580360936
7868 3.9999996464288747
7900 3.9999997171431003
7901 3.999999773714481
7935 3.9999998189715846
7936 3.9999998551772675
7943 3.999999884141814
7945 3.999999907313451
7950 3.9999999258507613
7986 3.999999940680609
8082 3.9999999525444876
8123 2.1999999620355903
8138 2.559999969628472
8139 2.847999975702778
8172 3.0783999805622226
8198 3.2627199844497783
8280 1.6101759875598227
8305 2.0881407900478584
8322 2.470512632038287
8347 2.77641010563063
8384 3.021128084504504
8390 3.216902467603603
8400 3.373521974082883
8439 3.4988175792663068
8456 3.5990540634130452
8457 3.679243250730436
8458 3.743394600584349
8462 3.794715680467479
8499 3.8357725443739836
8500 3.8686180354991873
8512 3.8948944283993496
8514 3.91591554271948
8524 3.932732434175584
8559 3.9461859473404672
8570 3.9569487578723743
8571 3.9655590062979
8636 3.9724472050383204
8647 3.9779577640306565
8685 3.9823662112245257
8825 3.9858929689796208
8833 3.9887143751836964
8868 3.9909715001469577
8890 3.9927772001175663
8896 3.994221760094053
8907 3.9953774080752424
8921 3.9963019264601938
8927 3.997041541168155
8959 3.9976332329345245
9070 3.99810658634762
9071 3.9984852690780963
9090 3.9987882152624774
9091 3.999030572209982
9097 3.999224457767986
9116 3.9993795662143894
9128 3.9995036529715113
9146 2.1996029223772093
9155 2.5596823379017675
9202 1.047745870321414
9218 1.6381966962571313
9219 2.110557357005705
9220 2.4884458856045644
9245 2.7907567084836513
9248 3.032605366786921
9336 3.226084293429537
9356 3.38086743474363
9357 3.5046939477949044
9475 3.6037551582359235
9502 3.683004126588739
9530 3.746403301270991
9566 3.7971226410167933
9699 3.8376981128134346
9706 3.8701584902507475
9715 3.896126792200598
9735 3.9169014337604784
9806 3.933521147008383
9851 3.9468169176067063
9862 3.9574535340853654
9993 3.9659628272682923
9995 3.972770