166 0.321705216
333 0.19209968587345239
357 0.15367974869876191
374 0.22294379895900954
441 0.1141472250670129
454 0.07305422404288826
474 0.058443379234310616
484 0.058443379234310616
519 0.1467547033874485
532 0.1467547033874485
626 0.23913840813437368
632 0.23913840813437368
691 0.19131072650749895
705 0.15304858120599918
757 0.15304858120599918
766 0.15304858120599918
780 0.12243886496479935
808 0.12243886496479935
859 0.1783608735774716
883 0.2426886988619773
902 0.2353207672716655
905 0.1882566138173324
907 0.12048423284309276
937 0.07710990901957937
969 0.1293503417725308
995 0.08278421873441971
998 0.06622737498753577
1005 0.06622737498753577
1010 0.06622737498753577
1013 0.06622737498753577
1037 0.052981899990028614
1040 0.052981899990028614
1047 0.1423855199920229
1053 0.1423855199920229
1061 0.1423855199920229
1066 0.1423855199920229
1073 0.21390841599361832
1116 0.21390841599361832
1149 0.17112673279489465
1152 0.17112673279489465
1195 0.17112673279489465
1208 0.17112673279489465
1241 0.10952110898873257
1248 0.08761688719098606
1260 0.08761688719098606
1263 0.08761688719098606
1288 0.17009350975278886
1309 0.17009350975278886
1323 0.17009350975278886
1340 0.1360748078022311
1384 0.13367030159474233
1392 0.10693624127579388
1439 0.10693624127579388
1451 0.10693624127579388
1457 0.10693624127579388
1468 0.10693624127579388
1472 0.10693624127579388
1476 0.10693624127579388
1494 0.08554899302063511
1526 0.23475135553320647
1540 0.23475135553320647
1572 0.23475135553320647
1593 0.15024086754125215
1602 0.12019269403300173
1621 0.12019269403300173
1647 0.07692332418112112
1651 0.07692332418112112
1679 0.04923092747591752
1687 0.04923092747591752
1694 0.04923092747591752
1713 0.04923092747591752
1730 0.04923092747591752
1754 0.03938474198073402
1766 0.03938474198073402
1779 0.03150779358458722
1789 0.03150779358458722
1828 0.020164987894135823
1831 0.020164987894135823
1834 0.020164987894135823
1871 0.020164987894135823
1910 0.012905592252246929
1929 0.012905592252246929
1933 0.010324473801797544
1944 0.010324473801797544
1970 0.010324473801797544
1976 0.010324473801797544
2000 0.010324473801797544
2015 0.010324473801797544
2030 0.010324473801797544
2045 0.010324473801797544
2060 0.010324473801797544
2064 0.008259579041438035
2096 0.008259579041438035
2100 0.008259579041438035
2103 0.008259579041438035
2134 0.10660766323315043
2139 0.10660766323315043
2152 0.10660766323315043
2158 0.10660766323315043
2174 0.08528613058652035
2212 0.08528613058652035
2215 0.08528613058652035
2222 0.08528613058652035
2224 0.08528613058652035
2237 0.08528613058652035
2240 0.08528613058652035
2259 0.08528613058652035
2284 0.08528613058652035
2291 0.08528613058652035
2294 0.08528613058652035
2322 0.1682289044692163
2324 0.1682289044692163
2343 0.13458312357537303
2377 0.13458312357537303
2386 0.13458312357537303
2388 0.13458312357537303
2407 0.10766649886029843
2458 0.08613319908823874
2465 0.08613319908823874
2497 0.08613319908823874
2501 0.08613319908823874
2509 0.068906559270591
2533 0.02822412667723408
2541 0.02822412667723408
2558 0.02822412667723408
2561 0.02822412667723408
2576 0.02822412667723408
2580 0.02822412667723408
2583 0.02822412667723408
2589 0.02822412667723408
2594 0.02822412667723408
2604 0.02822412667723408
2623 0.02822412667723408
2671 0.02822412667723408
2682 0.02822412667723408
2686 0.02822412667723408
2697 0.02822412667723408
2699 0.02822412667723408
2716 0.02822412667723408
2721 0.02822412667723408
2728 0.02822412667723408
2740 0.02822412667723408
2759 0.02822412667723408
2787 0.022579301341787265
2812 0.018063441073429814
2822 0.014450752858743851
2825 0.014450752858743851
2835 0.014450752858743851
2838 0.014450752858743851
2863 0.011560602286995082
2870 0.011560602286995082
2874 0.011560602286995082
2880 0.011560602286995082
2903 0.011560602286995082
2943 0.011560602286995082
2978 0.009248481829596067
2991 0.009248481829596067
3006 0.009248481829596067
3013 0.009248481829596067
3019 0.009248481829596067
3023 0.009248481829596067
3036 0.009248481829596067
3038 0.009248481829596067
3048 0.009248481829596067
3063 0.009248481829596067
3072 0.009248481829596067
3080 0.009248481829596067
3091 0.009248481829596067
3109 0.009248481829596067
3113 0.009248481829596067
3117 0.009248481829596067
3123 0.009248481829596067
3133 0.009248481829596067
3137 0.009248481829596067
3143 0.009248481829596067
3156 0.009248481829596067
3158 0.009248481829596067
3175 0.009248481829596067
3179 0.009248481829596067
3205 0.007398785463676854
3214 0.007398785463676854
3220 0.007398785463676854
3234 0.007398785463676854
3241 0.007398785463676854
3269 0.007398785463676854
3277 0.007398785463676854
3295 0.10591902837094148
3298 0.10591902837094148
3305 0.10591902837094148
3325 0.10591902837094148
3332 0.10591902837094148
3337 0.10591902837094148
3340 0.10591902837094148
3344 0.10591902837094148
3357 0.10591902837094148
3359 0.10591902837094148
3368 0.10591902837094148
3387 0.10591902837094148
3403 0.10591902837094148
3406 0.10591902837094148
3431 0.0847352226967532
3439 0.0847352226967532
3455 0.0847352226967532
3498 0.06778817815740255
3521 0.05423054252592205
3523 0.05423054252592205
3528 0.05423054252592205
3532 0.05423054252592205
3541 0.05423054252592205
3565 0.04338443402073764
3571 0.04338443402073764
3603 0.04338443402073764
3607 0.04338443402073764
3611 0.04338443402073764
3620 0.04338443402073764
3625 0.04338443402073764
3639 0.04338443402073764
3650 0.04338443402073764
3670 0.04338443402073764
3684 0.04338443402073764
3689 0.04338443402073764
3714 0.04338443402073764
3736 0.04338443402073764
3747 0.04338443402073764
3761 0.04338443402073764
3767 0.04338443402073764
3775 0.04338443402073764
3777 0.04338443402073764
3781 0.04338443402073764
3792 0.04338443402073764
3807 0.04338443402073764
3835 0.04338443402073764
3838 0.04338443402073764
3842 0.04338443402073764
3870 0.04338443402073764
3887 0.04338443402073764
3899 0.04338443402073764
3904 0.04338443402073764
3911 0.04338443402073764
3914 0.04338443402073764
3924 0.04338443402073764
3930 0.04338443402073764
3933 0.04338443402073764
3942 0.04338443402073764
3955 0.03470754721659011
3959 0.03470754721659011
3970 0.03470754721659011
3972 0.03470754721659011
3995 0.03470754721659011
3998 0.03470754721659011
4001 0.03470754721659011
4003 0.03470754721659011
4012 0.03470754721659011
4017 0.03470754721659011
4036 0.03470754721659011
4039 0.03470754721659011
4041 0.03470754721659011
4063 0.03470754721659011
4109 0.03470754721659011
4145 0.027766037773272093
4150 0.027766037773272093
4159 0.027766037773272093
4166 0.027766037773272093
4170 0.027766037773272093
4176 0.027766037773272093
4211 0.027766037773272093
4222 0.027766037773272093
4225 0.027766037773272093
4233 0.027766037773272093
4237 0.027766037773272093
4272 0.027766037773272093
4275 0.027766037773272093
4286 0.027766037773272093
4296 0.027766037773272093
4299 0.027766037773272093
4307 0.027766037773272093
4310 0.027766037773272093
4314 0.027766037773272093
4317 0.027766037773272093
4328 0.027766037773272093
4334 0.027766037773272093
4343 0.027766037773272093
4352 0.027766037773272093
4362 0.027766037773272093
4375 0.022212830218617675
4377 0.022212830218617675
4389 0.022212830218617675
4399 0.022212830218617675
4406 0.022212830218617675
4419 0.022212830218617675
4434 0.022212830218617675
4454 0.022212830218617675
4456 0.022212830218617675
4462 0.022212830218617675
4495 0.01777026417489414
4504 0.01777026417489414
4513 0.01777026417489414
4515 0.01777026417489414
4527 0.01777026417489414
4536 0.01777026417489414
4540 0.01777026417489414
4554 0.01777026417489414
4570 0.01777026417489414
4599 0.11421621133991532
4618 0.11421621133991532
4620 0.11421621133991532
4623 0.11421621133991532
4626 0.11421621133991532
4638 0.11421621133991532
4658 0.11421621133991532
4667 0.11421621133991532
4673 0.11421621133991532
4686 0.11421621133991532
4695 0.11421621133991532
4730 0.09137296907193226
4739 0.09137296907193226
4751 0.09137296907193226
4759 0.09137296907193226
4762 0.09137296907193226
4781 0.09137296907193226
4799 0.09137296907193226
4811 0.09137296907193226
4814 0.09137296907193226
4825 0.09137296907193226
4832 0.09137296907193226
4844 0.09137296907193226
4851 0.07309837525754581
4853 0.07309837525754581
4867 0.07309837525754581
4885 0.07309837525754581
4890 0.07309837525754581
4904 0.07309837525754581
4908 0.07309837525754581
4912 0.07309837525754581
4933 0.07309837525754581
4942 0.07309837525754581
4953 0.07309837525754581
4960 0.07309837525754581
4969 0.07309837525754581
4973 0.07309837525754581
4993 0.07309837525754581
5001 0.07309837525754581
5006 0.07309837525754581
5032 0.15847870020603666
5034 0.15847870020603666
5040 0.15847870020603666
5046 0.15847870020603666
5049 0.15847870020603666
5068 0.15847870020603666
5083 0.15847870020603666
5085 0.15847870020603666
5103 0.15847870020603666
5121 0.15847870020603666
5143 0.15847870020603666
5147 0.15847870020603666
5149 0.15847870020603666
5153 0.15847870020603666
5160 0.15847870020603666
5177 0.15847870020603666
5179 0.15847870020603666
5191 0.15847870020603666
5196 0.15847870020603666
5228 0.15847870020603666
5251 0.15847870020603666
5254 0.15847870020603666
5263 0.12678296016482934
5268 0.12678296016482934
5271 0.12678296016482934
5284 0.12678296016482934
5290 0.12678296016482934
5306 0.12678296016482934
5309 0.12678296016482934
5329 0.12678296016482934
5331 0.12678296016482934
5339 0.10142636813186348
5346 0.10142636813186348
5349 0.10142636813186348
5372 0.10142636813186348
5397 0.10142636813186348
5412 0.10142636813186348
5424 0.10142636813186348
5437 0.10142636813186348
5449 0.10142636813186348
5452 0.10142636813186348
5476 0.10142636813186348
5491 0.10142636813186348
5504 0.10142636813186348
5516 0.10142636813186348
5527 0.10142636813186348
5547 0.10142636813186348
5562 0.10142636813186348
5565 0.10142636813186348
5586 0.10142636813186348
5603 0.10142636813186348
5636 0.10142636813186348
5638 0.10142636813186348
5645 0.10142636813186348
5669 0.08114109450549079
5673 0.08114109450549079
5679 0.08114109450549079
5682 0.08114109450549079
5702 0.08114109450549079
5709 0.06491287560439263
5724 0.06491287560439263
5740 0.06491287560439263
5750 0.06491287560439263
5759 0.06491287560439263
5763 0.06491287560439263
5775 0.06491287560439263
5795 0.06491287560439263
5813 0.06491287560439263
5821 0.06491287560439263
5832 0.06491287560439263
5835 0.06491287560439263
5845 0.06491287560439263
5855 0.06491287560439263
5863 0.06491287560439263
5873 0.06491287560439263
5908 0.06491287560439263
5911 0.06491287560439263
5921 0.06491287560439263
5928 0.06491287560439263
5931 0.06491287560439263
5936 0.06491287560439263
5940 0.06491287560439263
5957 0.06491287560439263
5961 0.06491287560439263
5965 0.06491287560439263
5971 0.06491287560439263
5986 0.06491287560439263
6000 0.06491287560439263
6005 0.06491287560439263
6013 0.06491287560439263
6019 0.06491287560439263
6049 0.06491287560439263
6053 0.06491287560439263
6058 0.0519303004835141
6074 0.0519303004835141
6079 0.1415442403868113
6081 0.1415442403868113
6089 0.1415442403868113
6097 0.1415442403868113
6099 0.1415442403868113
6110 0.1415442403868113
6114 0.1415442403868113
6125 0.1415442403868113
6137 0.1415442403868113
6142 0.1415442403868113
6152 0.1415442403868113
6160 0.1415442403868113
6164 0.1415442403868113
6182 0.1415442403868113
6196 0.1415442403868113
6203 0.1415442403868113
6217 0.1415442403868113
6220 0.1415442403868113
6222 0.1415442403868113
6229 0.1415442403868113
6231 0.1415442403868113
6242 0.1415442403868113
6263 0.1415442403868113
6288 0.1415442403868113
6297 0.1415442403868113
6311 0.1415442403868113
6324 0.1415442403868113
6343 0.1415442403868113
6346 0.1415442403868113
6350 0.1415442403868113
6360 0.1415442403868113
6367 0.1415442403868113
6370 0.1415442403868113
6377 0.1415442403868113
6405 0.1415442403868113
6411 0.1415442403868113
6420 0.1415442403868113
6424 0.1415442403868113
6443 0.1415442403868113
6450 0.1415442403868113
6456 0.1415442403868113
6474 0.1415442403868113
6485 0.1415442403868113
6498 0.1415442403868113
6503 0.1415442403868113
6505 0.1415442403868113
6508 0.1415442403868113
6522 0.1415442403868113
6529 0.1415442403868113
6543 0.1415442403868113
6554 0.1415442403868113
6557 0.1415442403868113
6568 0.1415442403868113
6581 0.1415442403868113
6584 0.1415442403868113
6614 0.1415442403868113
6623 0.1415442403868113
6639 0.1415442403868113
6643 0.1415442403868113
6665 0.1415442403868113
6669 0.1415442403868113
6673 0.1415442403868113
6682 0.1415442403868113
6702 0.1415442403868113
6735 0.1415442403868113
6742 0.1415442403868113
6763 0.1415442403868113
6766 0.1415442403868113
6775 0.1415442403868113
6778 0.1415442403868113
6782 0.1415442403868113
6796 0.1415442403868113
6799 0.1415442403868113
6815 0.1415442403868113
6846 0.11323539230944904
6853 0.11323539230944904
6856 0.11323539230944904
6870 0.09058831384755923
6873 0.09058831384755923
6893 0.09058831384755923
6898 0.09058831384755923
6910 0.09058831384755923
6913 0.09058831384755923
6917 0.09058831384755923
6927 0.09058831384755923
6932 0.09058831384755923
6948 0.09058831384755923
6950 0.09058831384755923
6952 0.09058831384755923
6961 0.07247065107804739
6965 0.07247065107804739
6988 0.07247065107804739
6991 0.07247065107804739
7017 0.07247065107804739
7026 0.07247065107804739
7034 0.07247065107804739
7050 0.07247065107804739
7063 0.07247065107804739
7072 0.05797652086243791
7094 0.05797652086243791
7124 0.05797652086243791
7135 0.05797652086243791
7141 0.05797652086243791
7144 0.05797652086243791
7153 0.05797652086243791
7158 0.05797652086243791
7162 0.05797652086243791
7181 0.05797652086243791
7188 0.05797652086243791
7199 0.05797652086243791
7229 0.05797652086243791
7265 0.05797652086243791
7269 0.05797652086243791
7277 0.05797652086243791
7287 0.05797652086243791
7298 0.05797652086243791
7302 0.05797652086243791
7305 0.05797652086243791
7308 0.05797652086243791
7322 0.05797652086243791
7331 0.05797652086243791
7343 0.05797652086243791
7372 0.037104973351960266
7381 0.037104973351960266
7383 0.037104973351960266
7395 0.037104973351960266
7399 0.037104973351960266
7403 0.037104973351960266
7407 0.037104973351960266
7419 0.037104973351960266
7424 0.037104973351960266
7432 0.037104973351960266
7436 0.037104973351960266
7457 0.037104973351960266
7463 0.037104973351960266
7486 0.037104973351960266
7505 0.037104973351960266
7517 0.037104973351960266
7523 0.037104973351960266
7526 0.037104973351960266
7532 0.037104973351960266
7548 0.037104973351960266
7552 0.037104973351960266
7565 0.037104973351960266
7579 0.037104973351960266
7624 0.037104973351960266
7643 0.037104973351960266
7672 0.037104973351960266
7680 0.037104973351960266
7685 0.037104973351960266
7687 0.037104973351960266
7692 0.037104973351960266
7695 0.037104973351960266
7704 0.037104973351960266
7707 0.037104973351960266
7709 0.037104973351960266
7723 0.037104973351960266
7735 0.037104973351960266
7737 0.037104973351960266
7739 0.037104973351960266
7765 0.037104973351960266
7773 0.037104973351960266
7776 0.037104973351960266
7784 0.037104973351960266
7787 0.037104973351960266
7799 0.037104973351960266
7807 0.037104973351960266
7813 0.037104973351960266
7824 0.037104973351960266
7833 0.037104973351960266
7846 0.037104973351960266
7851 0.037104973351960266
7864 0.037104973351960266
7877 0.037104973351960266
7880 0.037104973351960266
7891 0.037104973351960266
7899 0.037104973351960266
7913 0.037104973351960266
7928 0.037104973351960266
7934 0.037104973351960266
7942 0.037104973351960266
7949 0.037104973351960266
7964 0.037104973351960266
7982 0.037104973351960266
7997 0.037104973351960266
7999 0.037104973351960266
8008 0.037104973351960266
8018 0.037104973351960266
8021 0.037104973351960266
8029 0.037104973351960266
8033 0.037104973351960266
8050 0.037104973351960266
8062 0.037104973351960266
8068 0.037104973351960266
8072 0.037104973351960266
8074 0.037104973351960266
8084 0.037104973351960266
8086 0.037104973351960266
8093 0.037104973351960266
8095 0.037104973351960266
8113 0.037104973351960266
8116 0.037104973351960266
8119 0.037104973351960266
8122 0.037104973351960266
8125 0.037104973351960266
8144 0.037104973351960266
8147 0.037104973351960266
8149 0.037104973351960266
8157 0.037104973351960266
8165 0.037104973351960266
8171 0.037104973351960266
8181 0.037104973351960266
8197 0.037104973351960266
8207 0.037104973351960266
8220 0.037104973351960266
8223 0.037104973351960266
8238 0.037104973351960266
8248 0.037104973351960266
8250 0.037104973351960266
8259 0.037104973351960266
8263 0.037104973351960266
8279 0.037104973351960266
8292 0.037104973351960266
8300 0.037104973351960266
8308 0.037104973351960266
8318 0.037104973351960266
8321 0.037104973351960266
8340 0.037104973351960266
8346 0.037104973351960266
8366 0.037104973351960266
8370 0.037104973351960266
8372 0.037104973351960266
8374 0.037104973351960266
8376 0.037104973351960266
8419 0.037104973351960266
8428 0.037104973351960266
8430 0.037104973351960266
8464 0.029683978681568215
8467 0.029683978681568215
8491 0.029683978681568215
8498 0.029683978681568215
8511 0.029683978681568215
8523 0.029683978681568215
8528 0.029683978681568215
8531 0.029683978681568215
8576 0.029683978681568215
8588 0.029683978681568215
8613 0.029683978681568215
8629 0.029683978681568215
8644 0.029683978681568215
8646 0.029683978681568215
8673 0.029683978681568215
8681 0.029683978681568215
8684 0.029683978681568215
8688 0.029683978681568215
8698 0.029683978681568215
8703 0.029683978681568215
8707 0.029683978681568215
8714 0.029683978681568215
8718 0.029683978681568215
8720 0.029683978681568215
8734 0.029683978681568215
8737 0.029683978681568215
8747 0.029683978681568215
8749 0.029683978681568215
8771 0.029683978681568215
8774 0.029683978681568215
8780 0.029683978681568215
8787 0.029683978681568215
8797 0.029683978681568215
8803 0.029683978681568215
8811 0.029683978681568215
8816 0.029683978681568215
8824 0.029683978681568215
8832 0.029683978681568215
8840 0.029683978681568215
8842 0.029683978681568215
8851 0.029683978681568215
8859 0.029683978681568215
8873 0.029683978681568215
8881 0.029683978681568215
8899 0.029683978681568215
8910 0.029683978681568215
8926 0.029683978681568215
8953 0.029683978681568215
8982 0.029683978681568215
8990 0.029683978681568215
8999 0.029683978681568215
9014 0.029683978681568215
9019 0.029683978681568215
9026 0.029683978681568215
9033 0.029683978681568215
9044 0.029683978681568215
9061 0.029683978681568215
9068 0.029683978681568215
9086 0.029683978681568215
9105 0.029683978681568215
9130 0.029683978681568215
9132 0.029683978681568215
9142 0.029683978681568215
9153 0.029683978681568215
9157 0.029683978681568215
9169 0.029683978681568215
9173 0.029683978681568215
9180 0.029683978681568215
9191 0.029683978681568215
9201 0.029683978681568215
9214 0.029683978681568215
9244 0.029683978681568215
9247 0.029683978681568215
9257 0.029683978681568215
9268 0.029683978681568215
9271 0.029683978681568215
9281 0.029683978681568215
9312 0.029683978681568215
9315 0.029683978681568215
9318 0.029683978681568215
9328 0.029683978681568215
9335 0.029683978681568215
9348 0.029683978681568215
9355 0.029683978681568215
9360 0.029683978681568215
9366 0.029683978681568215
9382 0.029683978681568215
9386 0.029683978681568215
9400 0.029683978681568215
9418 0.029683978681568215
9424 0.029683978681568215
9449 0.029683978681568215
9474 0.029683978681568215
9488 0.029683978681568215
9491 0.029683978681568215
9501 0.029683978681568215
9511 0.029683978681568215
9527 0.029683978681568215
9532 0.029683978681568215
9542 0.029683978681568215
9546 0.029683978681568215
9565 0.029683978681568215
9585 0.029683978681568215
9587 0.029683978681568215
9593 0.029683978681568215
9596 0.029683978681568215
9634 0.029683978681568215
9637 0.029683978681568215
9647 0.029683978681568215
9667 0.029683978681568215
9671 0.029683978681568215
9685 0.029683978681568215
9688 0.029683978681568215
9714 0.029683978681568215
9724 0.029683978681568215
9726 0.029683978681568215
9747 0.029683978681568215
9751 0.029683978681568215
9754 0.029683978681568215
9764 0.029683978681568215
9767 0.029683978681568215
9769 0.029683978681568215
9776 0.029683978681568215
9796 0.029683978681568215
9800 0.029683978681568215
9805 0.029683978681568215
9821 0.029683978681568215
9825 0.029683978681568215
9841 0.029683978681568215
9849 0.029683978681568215
9853 0.029683978681568215
9860 0.029683978681568215
9864 0.029683978681568215
9882 0.029683978681568215
9894 0.029683978681568215
9912 0.029683978681568215
9926 0.029683978681568215
9932 0.029683978681568215
9971 0.029683978681568215
9973 0.029683978681568215
10007 0.029683978681568215
10020 0.029683978681568215
10028 0.029683978681568215
10042 0.029683978681568215
10050 0.029683978681568215
10052 0.029683978681568215
10058 0.029683978681568215
10074 0.029683978681568215
10084 0.029683978681568215
10090 0.029683978681568215
10116 0.029683978681568215
10131 0.029683978681568215
10137 0.029683978681568215
10154 0.029683978681568215
10163 0.029683978681568215
10176 0.029683978681568215
10186 0.029683978681568215
10197 0.029683978681568215
10213 0.029683978681568215
10224 0.029683978681568215
10232 0.029683978681568215
10240 0.029683978681568215
10242 0.029683978681568215
10255 0.029683978681568215
10261 0.029683978681568215
10275 0.029683978681568215
10285 0.029683978681568215
10287 0.029683978681568215
10290 0.029683978681568215
10302 0.029683978681568215
10337 0.029683978681568215
10342 0.029683978681568215
10352 0.029683978681568215
10361 0.029683978681568215
10371 0.029683978681568215
10381 0.029683978681568215
10384 0.029683978681568215
10388 0.029683978681568215
10391 0.029683978681568215
10407 0.029683978681568215
10420 0.029683978681568215
10424 0.029683978681568215
10436 0.029683978681568215
10463 0.029683978681568215
10466 0.029683978681568215
10483 0.029683978681568215
10489 0.029683978681568215
10493 0.029683978681568215
10522 0.029683978681568215
10524 0.029683978681568215
10527 0.029683978681568215
10542 0.029683978681568215
10545 0.029683978681568215
10552 0.029683978681568215
10563 0.029683978681568215
10565 0.029683978681568215
10569 0.029683978681568215
10574 0.029683978681568215
10576 0.029683978681568215
10582 0.029683978681568215
10592 0.029683978681568215
10619 0.029683978681568215
10626 0.029683978681568215
10634 0.029683978681568215
10636 0.029683978681568215
10649 0.029683978681568215
10655 0.029683978681568215
10658 0.029683978681568215
10662 0.029683978681568215
10674 0.029683978681568215
10676 0.029683978681568215
10678 0.029683978681568215
10684 0.029683978681568215
10689 0.029683978681568215
10702 0.029683978681568215
10706 0.029683978681568215
10713 0.029683978681568215
10728 0.029683978681568215
10738 0.029683978681568215
10748 0.029683978681568215
10759 0.029683978681568215
10764 0.029683978681568215
10788 0.029683978681568215
10810 0.029683978681568215
10816 0.029683978681568215
10833 0.029683978681568215
10835 0.029683978681568215
10842 0.029683978681568215
10849 0.029683978681568215
10861 0.029683978681568215
10886 0.029683978681568215
10892 0.029683978681568215
10908 0.029683978681568215
10914 0.029683978681568215
10920 0.029683978681568215
10928 0.029683978681568215
10942 0.029683978681568215
10945 0.029683978681568215
10955 0.029683978681568215
10957 0.029683978681568215
10964 0.029683978681568215
10972 0.029683978681568215
10995 0.029683978681568215
11000 0.029683978681568215
11002 0.029683978681568215
11018 0.029683978681568215
11025 0.029683978681568215
11030 0.029683978681568215
11037 0.029683978681568215
11041 0.029683978681568215
11048 0.029683978681568215
11059 0.029683978681568215
11067 0.029683978681568215
11073 0.029683978681568215
11075 0.029683978681568215
11077 0.029683978681568215
11088 0.029683978681568215
11100 0.029683978681568215
11104 0.029683978681568215
11113 0.029683978681568215
11121 0.029683978681568215
11124 0.029683978681568215
11151 0.029683978681568215
11159 0.029683978681568215
11171 0.029683978681568215
11173 0.029683978681568215
11193 0.029683978681568215
11216 0.029683978681568215
11219 0.029683978681568215
11222 0.029683978681568215
11231 0.029683978681568215
11249 0.029683978681568215
11256 0.029683978681568215
11262 0.029683978681568215
11274 0.029683978681568215
11280 0.029683978681568215
11286 0.029683978681568215
11292 0.029683978681568215
11301 0.029683978681568215
11315 0.029683978681568215
11326 0.029683978681568215
11329 0.029683978681568215
11351 0.029683978681568215
11364 0.029683978681568215
11377 0.029683978681568215
11402 0.029683978681568215
11415 0.029683978681568215
11419 0.029683978681568215
11427 0.029683978681568215
11433 0.029683978681568215
11440 0.029683978681568215
11446 0.029683978681568215
11471 0.029683978681568215
11476 0.029683978681568215
11489 0.029683978681568215
11491 0.029683978681568215
11507 0.029683978681568215
11510 0.029683978681568215
11522 0.029683978681568215
11540 0.029683978681568215
11549 0.029683978681568215
11559 0.029683978681568215
11572 0.029683978681568215
11586 0.029683978681568215
11594 0.029683978681568215
11627 0.029683978681568215
11644 0.029683978681568215
11650 0.029683978681568215
11653 0.029683978681568215
11664 0.029683978681568215
11691 0.029683978681568215
11694 0.029683978681568215
11712 0.029683978681568215
11715 0.029683978681568215
11717 0.029683978681568215
11725 0.029683978681568215
11727 0.029683978681568215
11733 0.029683978681568215
11735 0.029683978681568215
11748 0.029683978681568215
11751 0.029683978681568215
11755 0.029683978681568215
11804 0.029683978681568215
11808 0.029683978681568215
11822 0.029683978681568215
11824 0.029683978681568215
11841 0.029683978681568215
11849 0.029683978681568215
11854 0.029683978681568215
11864 0.029683978681568215
11870 0.029683978681568215
11878 0.029683978681568215
11882 0.029683978681568215
11885 0.029683978681568215
11904 0.029683978681568215
11907 0.029683978681568215
11916 0.029683978681568215
11937 0.029683978681568215
11946 0.029683978681568215
11953 0.029683978681568215
11956 0.029683978681568215
11971 0.029683978681568215
11974 0.029683978681568215
11987 0.029683978681568215
12001 0.029683978681568215
12004 0.029683978681568215
12022 0.029683978681568215
12025 0.029683978681568215
12028 0.029683978681568215
12031 0.029683978681568215
12036 0.029683978681568215
12044 0.029683978681568215
12062 0.029683978681568215
12065 0.029683978681568215
12068 0.029683978681568215
12070 0.029683978681568215
12079 0.029683978681568215
12086 0.029683978681568215
12088 0.029683978681568215
12091 0.029683978681568215
12095 0.029683978681568215
12097 0.029683978681568215
12100 0.029683978681568215
12115 0.029683978681568215
12121 0.029683978681568215
12134 0.029683978681568215
12136 0.029683978681568215
12144 0.029683978681568215
12148 0.029683978681568215
12158 0.029683978681568215
12160 0.029683978681568215
12167 0.029683978681568215
12190 0.029683978681568215
12193 0.029683978681568215
12207 0.029683978681568215
12241 0.029683978681568215
12251 0.029683978681568215
12255 0.029683978681568215
12265 0.029683978681568215
12272 0.029683978681568215
12275 0.029683978681568215
12285 0.029683978681568215
12288 0.029683978681568215
12290 0.029683978681568215
12299 0.029683978681568215
12303 0.029683978681568215
12309 0.029683978681568215
12331 0.029683978681568215
12352 0.029683978681568215
12363 0.029683978681568215
12371 0.029683978681568215
12381 0.029683978681568215
12389 0.029683978681568215
12399 0.029683978681568215
12422 0.029683978681568215
12434 0.029683978681568215
12469 0.029683978681568215
12477 0.029683978681568215
12491 0.029683978681568215
12500 0.029683978681568215
12504 0.029683978681568215
12517 0.029683978681568215
12522 0.029683978681568215
12537 0.029683978681568215
12540 0.029683978681568215
12542 0.029683978681568215
12545 0.029683978681568215
12549 0.029683978681568215
12570 0.029683978681568215
12589 0.029683978681568215
12598 0.029683978681568215
12623 0.029683978681568215
12643 0.029683978681568215
12660 0.029683978681568215
12663 0.029683978681568215
12674 0.029683978681568215
12677 0.029683978681568215
12686 0.029683978681568215
12698 0.029683978681568215
12704 0.029683978681568215
12709 0.029683978681568215
12714 0.029683978681568215
12716 0.029683978681568215
12720 0.029683978681568215
12731 0.029683978681568215
12740 0.029683978681568215
12766 0.029683978681568215
12778 0.029683978681568215
12791 0.029683978681568215
12805 0.029683978681568215
12820 0.029683978681568215
12856 0.029683978681568215
12862 0.029683978681568215
12866 0.029683978681568215
12868 0.029683978681568215
12889 0.029683978681568215
12892 0.029683978681568215
12900 0.029683978681568215
12905 0.029683978681568215
12908 0.029683978681568215
12935 0.029683978681568215
12946 0.029683978681568215
12963 0.029683978681568215
12967 0.029683978681568215
12974 0.029683978681568215
12988 0.029683978681568215
13001 0.029683978681568215
13011 0.029683978681568215
13016 0.029683978681568215
13025 0.029683978681568215
13030 0.029683978681568215
13039 0.029683978681568215
13048 0.029683978681568215
13055 0.029683978681568215
13057 0.029683978681568215
13059 0.029683978681568215
13068 0.029683978681568215
13075 0.029683978681568215
13077 0.029683978681568215
13084 0.029683978681568215
13089 0.029683978681568215
13096 0.029683978681568215
13137 0.029683978681568215
13153 0.029683978681568215
13157 0.029683978681568215
13166 0.029683978681568215
13173 0.029683978681568215
13188 0.029683978681568215
13202 0.029683978681568215
13246 0.029683978681568215
13259 0.029683978681568215
13261 0.029683978681568215
13272 0.029683978681568215
13275 0.029683978681568215
13284 0.029683978681568215
13292 0.029683978681568215
13307 0.029683978681568215
13313 0.029683978681568215
13328 0.029683978681568215
13342 0.029683978681568215
13349 0.029683978681568215
13363 0.029683978681568215
13366 0.029683978681568215
13373 0.029683978681568215
13379 0.029683978681568215
13382 0.029683978681568215
13390 0.029683978681568215
13411 0.029683978681568215
13417 0.029683978681568215
13423 0.029683978681568215
13425 0.029683978681568215
13436 0.029683978681568215
13443 0.029683978681568215
13447 0.029683978681568215
13455 0.029683978681568215
13459 0.029683978681568215
13465 0.029683978681568215
13479 0.029683978681568215
13483 0.029683978681568215
13494 0.029683978681568215
13504 0.029683978681568215
13508 0.029683978681568215
13520 0.029683978681568215
13523 0.029683978681568215
13526 0.029683978681568215
13528 0.029683978681568215
13537 0.029683978681568215
13553 0.029683978681568215
13556 0.029683978681568215
13567 0.029683978681568215
13570 0.029683978681568215
13580 0.029683978681568215
13591 0.029683978681568215
13603 0.029683978681568215
13606 0.029683978681568215
13611 0.029683978681568215
13614 0.029683978681568215
13633 0.029683978681568215
13641 0.029683978681568215
13651 0.029683978681568215
13661 0.029683978681568215
13664 0.029683978681568215
13684 0.029683978681568215
13687 0.029683978681568215
13710 0.029683978681568215
13714 0.029683978681568215
13718 0.029683978681568215
13720 0.029683978681568215
13748 0.029683978681568215
13754 0.029683978681568215
13778 0.029683978681568215
13805 0.029683978681568215
13819 0.029683978681568215
13821 0.029683978681568215
13835 0.029683978681568215
13842 0.029683978681568215
13848 0.029683978681568215
13851 0.029683978681568215
13857 0.029683978681568215
13893 0.029683978681568215
13911 0.029683978681568215
13915 0.029683978681568215
13917 0.029683978681568215
13931 0.029683978681568215
13937 0.029683978681568215
13944 0.029683978681568215
13949 0.029683978681568215
13964 0.029683978681568215
13980 0.029683978681568215
13982 0.029683978681568215
13993 0.029683978681568215
14015 0.029683978681568215
14025 0.029683978681568215
14054 0.029683978681568215
14056 0.029683978681568215
14066 0.029683978681568215
14073 0.029683978681568215
14084 0.029683978681568215
14095 0.029683978681568215
14099 0.029683978681568215
14108 0.029683978681568215
14112 0.029683978681568215
14122 0.029683978681568215
14125 0.029683978681568215
14135 0.029683978681568215
14139 0.029683978681568215
14154 0.029683978681568215
14161 0.029683978681568215
14179 0.029683978681568215
14181 0.029683978681568215
14187 0.029683978681568215
14190 0.029683978681568215
14196 0.029683978681568215
14212 0.029683978681568215
14232 0.029683978681568215
14241 0.029683978681568215
14265 0.029683978681568215
14276 0.029683978681568215
14279 0.029683978681568215
14287 0.029683978681568215
14290 0.029683978681568215
14304 0.029683978681568215
14307 0.029683978681568215
14315 0.029683978681568215
14335 0.029683978681568215
14342 0.029683978681568215
14355 0.029683978681568215
14365 0.029683978681568215
14383 0.029683978681568215
14392 0.029683978681568215
14394 0.029683978681568215
14404 0.029683978681568215
14444 0.029683978681568215
14448 0.029683978681568215
14458 0.029683978681568215
14465 0.029683978681568215
14473 0.029683978681568215
14476 0.029683978681568215
14487 0.029683978681568215
14490 0.029683978681568215
14502 0.029683978681568215
14507 0.029683978681568215
14515 0.029683978681568215
14524 0.029683978681568215
14536 0.029683978681568215
14549 0.029683978681568215
14556 0.029683978681568215
14565 0.029683978681568215
14570 0.029683978681568215
14574 0.029683978681568215
14581 0.029683978681568215
14595 0.029683978681568215
14600 0.029683978681568215
14602 0.029683978681568215
14611 0.029683978681568215
14615 0.029683978681568215
14617 0.029683978681568215
14650 0.029683978681568215
14653 0.029683978681568215
14678 0.029683978681568215
14682 0.029683978681568215
14719 0.029683978681568215
14731 0.029683978681568215
14733 0.029683978681568215
14739 0.029683978681568215
14748 0.029683978681568215
14773 0.029683978681568215
14781 0.029683978681568215
14785 0.029683978681568215
14792 0.029683978681568215
14806 0.029683978681568215
14809 0.029683978681568215
14819 0.029683978681568215
14831 0.029683978681568215
14838 0.029683978681568215
14842 0.029683978681568215
14845 0.029683978681568215
14858 0.029683978681568215
14863 0.029683978681568215
14869 0.029683978681568215
14877 0.029683978681568215
14881 0.029683978681568215
14886 0.029683978681568215
14890 0.029683978681568215
14898 0.029683978681568215
14901 0.029683978681568215
14907 0.029683978681568215
14913 0.029683978681568215
14922 0.029683978681568215
14926 0.029683978681568215
14941 0.029683978681568215
14945 0.029683978681568215
14948 0.029683978681568215
14961 0.029683978681568215
14963 0.029683978681568215
14980 0.029683978681568215
14986 0.029683978681568215
14996 0.029683978681568215
15004 0.029683978681568215
15027 0.029683978681568215
15029 0.029683978681568215
15031 0.029683978681568215
15035 0.029683978681568215
15043 0.029683978681568215
15054 0.029683978681568215
15066 0.029683978681568215
15069 0.029683978681568215
15080 0.029683978681568215
15083 0.029683978681568215
15097 0.029683978681568215
15100 0.029683978681568215
15106 0.029683978681568215
15108 0.029683978681568215
15121 0.029683978681568215
15123 0.029683978681568215
15126 0.029683978681568215
15152 0.029683978681568215
15179 0.029683978681568215
15186 0.029683978681568215
15189 0.029683978681568215
15201 0.029683978681568215
15215 0.029683978681568215
15218 0.029683978681568215
15220 0.029683978681568215
15230 0.029683978681568215
15236 0.029683978681568215
15260 0.029683978681568215
15264 0.029683978681568215
15277 0.029683978681568215
15279 0.029683978681568215
15286 0.029683978681568215
15303 0.029683978681568215
15316 0.029683978681568215
15319 0.029683978681568215
15326 0.029683978681568215
15337 0.029683978681568215
15339 0.029683978681568215
15350 0.029683978681568215
15360 0.029683978681568215
15363 0.029683978681568215
15370 0.029683978681568215
15385 0.029683978681568215
15391 0.029683978681568215
15395 0.029683978681568215
15416 0.029683978681568215
15419 0.029683978681568215
15431 0.029683978681568215
15445 0.029683978681568215
15450 0.029683978681568215
15453 0.029683978681568215
15466 0.029683978681568215
15481 0.029683978681568215
15485 0.029683978681568215
15503 0.029683978681568215
15506 0.029683978681568215
15508 0.029683978681568215
15521 0.029683978681568215
15534 0.029683978681568215
15536 0.029683978681568215
15558 0.029683978681568215
15577 0.029683978681568215
15588 0.029683978681568215
15600 0.029683978681568215
15606 0.029683978681568215
15616 0.029683978681568215
15620 0.029683978681568215
15630 0.029683978681568215
15635 0.029683978681568215
15649 0.029683978681568215
15657 0.029683978681568215
15665 0.029683978681568215
15668 0.029683978681568215
15675 0.029683978681568215
15696 0.029683978681568215
15698 0.029683978681568215
15704 0.029683978681568215
15711 0.029683978681568215
15728 0.029683978681568215
15731 0.029683978681568215
15739 0.029683978681568215
15741 0.029683978681568215
15753 0.029683978681568215
15758 0.029683978681568215
15766 0.029683978681568215
15781 0.029683978681568215
15791 0.029683978681568215
15804 0.029683978681568215
15812 0.029683978681568215
15821 0.029683978681568215
15835 0.029683978681568215
15856 0.029683978681568215
15859 0.029683978681568215
15875 0.029683978681568215
15888 0.029683978681568215
15891 0.029683978681568215
15895 0.029683978681568215
15903 0.029683978681568215
15932 0.029683978681568215
15939 0.029683978681568215
15954 0.029683978681568215
15976 0.029683978681568215
15986 0.029683978681568215
15996 0.029683978681568215
16009 0.029683978681568215
16011 0.029683978681568215
16017 0.029683978681568215
16031 0.029683978681568215
16045 0.029683978681568215
16047 0.029683978681568215
16071 0.029683978681568215
16075 0.029683978681568215
16081 0.029683978681568215
16089 0.029683978681568215
16107 0.029683978681568215
16112 0.029683978681568215
16115 0.029683978681568215
16121 0.029683978681568215
16133 0.029683978681568215
16151 0.029683978681568215
16162 0.029683978681568215
16166 0.029683978681568215
16173 0.029683978681568215
16177 0.029683978681568215
16194 0.029683978681568215
16207 0.029683978681568215
16211 0.029683978681568215
16214 0.029683978681568215
16223 0.029683978681568215
16230 0.029683978681568215
16233 0.029683978681568215
16243 0.029683978681568215
16246 0.029683978681568215
16250 0.029683978681568215
16257 0.029683978681568215
16264 0.029683978681568215
16277 0.029683978681568215
16288 0.029683978681568215
16299 0.029683978681568215
16309 0.029683978681568215
16313 0.029683978681568215
16319 0.029683978681568215
16343 0.029683978681568215
16361 0.029683978681568215
16372 0.029683978681568215
16388 0.029683978681568215
16398 0.029683978681568215
16419 0.029683978681568215
16430 0.029683978681568215
16438 0.029683978681568215
16442 0.029683978681568215
16451 0.029683978681568215
16469 0.029683978681568215
16476 0.029683978681568215
16478 0.029683978681568215
16487 0.029683978681568215
16492 0.029683978681568215
16500 0.029683978681568215
16510 0.029683978681568215
16512 0.029683978681568215
16515 0.029683978681568215
16518 0.029683978681568215
16524 0.029683978681568215
16534 0.029683978681568215
16552 0.029683978681568215
16565 0.029683978681568215
16584 0.029683978681568215
16597 0.029683978681568215
16605 0.029683978681568215
16609 0.029683978681568215
16617 0.029683978681568215
16626 0.029683978681568215
16634 0.029683978681568215
16637 0.029683978681568215
16648 0.029683978681568215
16658 0.029683978681568215
16680 0.029683978681568215
16683 0.029683978681568215
16688 0.029683978681568215
1