103 1.1520000000000001
228 1.1118592000000003
352 1.6074175283200003
528 3.103139110748108
594 1.9860090308787894
601 2.3888072247030316
637 2.023069299047952
770 2.8919354783296276
773 2.313548382663702
808 1.4596294175390525
846 0.9341628272249937
856 1.547330261779995
911 2.1042330940313576
1005 1.8773673441440553
1017 2.641515100252195
1031 2.113212080201756
1044 2.490569664161405
1058 1.992455731329124
1059 1.5939645850632993
1061 1.2751716680506395
1063 1.8201373344405116
1070 1.4561098675524093
1087 1.1648878940419276
1091 0.9319103152335422
1157 0.596422601749467
1193 1.2771380813995736
1228 1.6173683720957273
1244 1.8351157581412656
1245 1.4680926065130127
1248 0.9395792681683282
1260 1.5516634145346626
1263 2.0413307316277303
1284 2.4330645853021844
1313 2.7464516682417477
1316 2.9971613345933985
1323 3.197729067674719
1327 3.3581832541397754
1332 3.4865466033118206
1333 2.7892372826494567
1338 3.0313898261195655
1340 2.425111860895653
1384 2.7400894887165226
1390 2.992071590973218
1400 2.7149258182228597
1422 2.1719406545782878
1432 2.5375525236626304
1451 3.0640336151440835
1480 3.251226892115267
1494 2.6009815136922136
1526 2.304628168763017
1568 2.1149620280083314
1572 1.6919696224066652
1578 2.153575697925332
1597 1.7228605583402659
1609 2.1782884466722128
1615 2.54263075733777
1621 3.0672836846961733
1625 3.253826947756939
1628 2.6030615582055514
1631 2.882449246564441
1679 3.105959397251553
1687 3.2847675178012423
1703 3.427814014240994
1718 3.542251211392795
1730 2.833800969114236
1754 3.067040775291389
1777 2.6029060961864894
1813 3.0181503369979863
1817 3.214520269598389
1819 2.5716162156787115
1821 2.057292972542969
1859 2.7566675024275007
1875 2.5642672015536006
1883 2.8514137612428803
1884 2.281131008994304
1886 2.6249048071954437
1910 2.099923845756355
1968 3.027161009027254
1970 3.2217288072218038
1974 3.377383045777443
1983 3.5019064366219546
1996 3.681220119438051
2012 3.7959808764403524
2045 3.8367847011522818
2047 3.869427760921826
2081 3.895542208737461
2096 3.916433766989969
2103 3.9331470135919755
2139 3.94651761087358
2152 3.9572140886988647
2161 3.9657712709590918
2177 3.9780936134138187
2212 3.9859799125848445
2215 3.988783930067876
2222 3.991027144054301
2237 3.9928217152434407
2240 3.9942573721947525
2244 3.995405897755802
2275 3.996324718204642
2294 3.997647819650971
2313 3.998118255720777
2407 3.999383390034585
2417 3.999506712027668
2429 3.9996842956977074
2432 3.199747436558166
2436 3.3597979492465333
2439 3.4878383593972266
2443 3.5902706875177817
2447 3.672216550014226
2465 3.790218592009105
2476 3.8657398988858276
2505 3.27407353528693
2506 2.619258828229544
2527 3.1163256500669085
2528 2.493060520053527
2533 3.0355587328342573
2541 3.2284469862674063
2558 3.3827575890139254
2561 3.5062060712111407
2576 3.6049648569689126
2580 3.6839718855751302
2583 3.747177508460104
2589 3.7977420067680834
2601 3.8381936054144665
2637 3.8705548843315736
2641 3.896443907465259
2646 3.917155125972207
2671 3.9337241007777655
2679 3.9469792806222124
2682 3.95758342449777
2686 3.966066739598216
2716 3.9782827133428587
2721 3.982626170674287
2724 3.9861009365394295
2728 3.9888807492315435
2764 3.192883679508188
2803 2.6834455548852407
2805 2.9467564439081926
2815 3.157405155126554
2820 2.5259241241012433
2822 2.820739299280995
2825 3.056591439424796
2863 3.2452731515398368
2870 3.3962185212318694
2880 3.5169748169854955
2943 3.690863882870718
2998 2.952691106296575
3023 3.16215288503726
3060 3.329722308029808
3061 2.6637778464238466
3063 2.9310222771390775
3080 3.1448178217112623
3082 3.3158542573690104
3091 3.4526834058952085
3117 3.5621467247161673
3148 3.7197739038183473
3156 3.775819123054678
3158 3.820655298443742
3165 3.856524238754994
3183 3.8852193910039956
3187 3.9081755128031963
3192 3.9265404102425574
3195 3.9412323281940465
3201 3.152985862555237
3205 3.32238869004419
3214 3.457910952035352
3220 3.5663287616282817
3234 3.6530630093026257
3261 3.7224504074421008
3264 3.777960325953681
3273 3.8578946086103567
3277 3.8863156868882855
3305 3.9272420396085037
3322 3.953434905349442
3337 3.9627479242795536
3340 3.970198339423643
3359 3.980926937231131
3363 3.9847415497849052
3370 3.9877932398279246
3387 3.9902345918623396
3413 3.9921876734898722
3431 3.9937501387918983
3511 3.9950001110335185
3536 3.996000088826815
3561 3.996800071061452
3571 3.997440056849162
3611 3.9979520454793294
3625 3.9983616363834633
3653 3.998689309106771
3656 3.9989514472854166
3681 3.999328926262667
3684 3.999463141010134
3689 3.9995705128081074
3692 3.9996564102464864
3714 3.9997251281971895
3718 3.999780102557752
3722 3.999824082046202
3726 3.999859265636962
3733 3.19988741250957
3736 3.359909930007656
3773 3.487927944006125
3777 3.5903423552049
3811 3.6722738841639204
3827 3.737819107331137
3838 3.7902552858649097
3842 3.8322042286919276
3848 3.865763382953542
3861 3.8926107063628335
3870 3.9140885650902666
3904 3.9312708520722133
3914 3.945016681657771
3933 3.956013345326217
3945 3.9648106762609734
3959 3.171848541008779
3970 3.3374788328070233
3972 3.469983066245619
3975 3.575986452996495
3995 3.6607891623971964
3998 3.728631329917757
4001 3.782905063934206
4003 3.826324051147365
4012 3.861059240917892
4017 3.8888473927343137
4022 3.9110779141874508
4036 3.9288623313499604
4039 3.943089865079968
4041 3.9544718920639745
4056 3.96357751365118
4060 3.9708620109209445
4063 3.9766896087367556
4067 3.981351686989405
4092 3.985081349591524
4095 3.988065079673219
4109 3.9904520637385756
4127 3.992361650990861
4134 3.9938893207926887
4135 3.195111456634151
4150 3.3560891653073215
4170 3.4848713322458575
4178 3.587897065796686
4196 3.6703176526373493
4200 3.7362541221098793
4225 3.789003297687904
4233 3.831202638150323
4237 3.864962110520259
4275 3.891969688416207
4307 3.9446884804690994
4310 3.9557507843752795
4317 3.964600627500224
4343 3.9716805020001793
4349 3.977344401600144
4352 3.9818755212801156
4360 3.9855004170240926
4375 3.988400333619274
4381 3.990720266895419
4385 3.992576213516336
4389 3.994060970813069
4394 3.995248776650455
4399 3.196199021320364
4402 3.356959217056292
4406 3.4855673736450337
4436 3.5884538989160273
4449 3.670763119132822
4454 3.736610495306258
4456 3.7892883962450066
4462 3.831430716996006
4465 3.8651445735968046
4466 3.092115658877444
4469 2.473692527101955
4473 2.7789540216815642
4489 3.0231632173452514
4492 3.218530573876201
4495 3.374824459100961
4501 3.499859567280769
4511 3.5998876538246156
4513 2.879910123059693
4515 3.1039280984477546
4527 3.2831424787582035
4540 3.426513983006563
4554 3.6329689491242005
4558 3.706375159299361
4563 3.7651001274394886
4586 3.812080101951591
4590 3.849664081561273
4626 3.879731265249019
4658 3.903785012199215
4667 3.9230280097593724
4671 3.938422407807498
4673 3.9507379262459983
4717 3.9605903409967986
4718 3.1684722727974393
4723 3.334777818237952
4727 3.467822254590362
4730 3.57425780367229
4753 3.6594062429378322
4756 3.727524994350266
4759 3.782019995480213
4762 3.8256159963841707
4767 3.8604927971073364
4794 3.888394237685869
4814 3.9107153901486953
4818 3.9285723121189564
4832 3.954286279756132
4844 3.9634290238049052
4847 3.970743219043924
4848 3.176594575235139
4851 3.3412756601881117
4853 3.4730205281504896
4857 3.578416422520392
4885 3.6627331380163133
4890 3.730186510413051
4893 3.784149208330441
4908 3.8273193666643532
4912 3.8618554933314826
4933 3.8894843946651863
4942 3.9115875157321494
4953 3.92927001258572
4966 3.9434160100685762
4969 3.954732808054861
4973 3.963786246443889
4993 3.971028997155112
5001 3.97682319772409
5019 3.9814585581792725
5032 3.985166846543418
5034 3.9881334772347348
5046 3.990506781787788
5054 3.9939243403441846
5057 3.9951394722753477
5072 3.9961115778202787
5083 3.9968892622562233
5085 3.9975114098049787
5100 3.998009127843983
5101 3.1984073022751867
5103 3.3587258418201493
5147 3.4869806734561193
5149 3.5895845387648952
5153 3.6716676310119167
5160 3.737334104809533
5171 3.7898672838476264
5177 3.831893827078101
5179 3.8655150616624807
5182 3.8924120493299847
5196 3.913929639463988
5201 3.931143711571191
5240 3.9449149692569527
5257 3.955931975405562
5260 3.9647455803244496
5261 3.1717964642595597
5263 3.3374371714076476
5266 3.469949737126118
5268 3.575959789700895
5290 3.7286142654085728
5296 3.782891412326858
5306 3.8263131298614868
5309 3.8610505038891896
5329 3.8888404031113515
5331 3.9110723224890815
5339 3.9288578579912654
5343 3.9430862863930125
5346 3.95446902911441
5349 3.963575223291528
5412 3.970860178633223
5424 3.9766881429065783
5449 3.981350514325263
5452 3.9850804114602107
5455 3.9880643291681688
5485 3.9904514633345354
5491 3.9923611706676283
5504 3.993888936534103
5508 3.9951111492272826
5513 3.996088919381826
5516 3.9968711355054607
5547 3.9974969084043686
5562 3.9983980213787964
5615 3.9987184171030377
5620 3.99897473368243
5624 3.999179786945944
5642 3.9993438295567554
5645 3.999475063645405
5650 3.9995800509163244
5676 3.9996640407330597
5679 3.9997312325864476
5705 3.999784986069158
5706 3.1998279888553265
5740 3.4878899128674092
5747 3.590311930293928
5750 3.672249544235142
5759 3.7377996353881136
5763 3.790239708310491
5771 3.8321917666483927
5778 3.865753413318714
5782 3.8926027306549713
5786 3.914082184523977
5791 3.9312657476191815
5813 3.945012598095345
5824 3.956010078476276
5827 3.964808062781021
5832 3.9718464502248167
5840 3.9774771601798538
5842 3.981981728143883
5845 3.985585382515107
5855 3.988468306012086
5861 3.990774644809669
5863 3.9926197158477352
5897 3.9940957726781887
5901 3.995276618142551
5905 3.996221294514041
5908 3.9969770356112333
5911 3.9975816284889865
5931 3.998065302791189
5936 3.9984522422329514
5940 3.998761793786361
5946 3.9990094350290892
5961 3.9992075480232714
5965 3.999366038418617
5971 3.9994928307348934
5976 3.9995942645879152
5982 3.999740329336266
5986 3.199792263469013
6005 3.3598338107752106
6016 3.487867048620169
6019 3.590293638896135
6037 3.7377879288935274
6045 3.790230343114822
6049 3.8321842744918575
6053 3.865747419593486
6055 3.8925979356747886
6056 3.114078348539831
6058 3.291262678831865
6079 3.4330101430654922
6081 3.546408114452394
6099 3.637126491561915
6114 3.709701193249532
6152 3.767760954599626
6182 3.8142087636797006
6212 3.8513670109437603
6217 3.881093608755008
6220 3.9048748870040066
6222 3.9238999096032057
6231 3.9391199276825644
6263 3.951295942146052
6266 3.961036753716842
6288 3.9688294029734736
6297 3.975063522378779
6308 3.980050817903023
6311 3.9840406543224187
6314 3.9872325234579353
6343 3.989786018766348
6346 3.9918288150130783
6350 3.993463052010463
6360 3.9947704416083702
6367 3.9958163532866964
6370 3.996653082629357
6377 3.997322466103486
6401 3.997857972882789
6405 3.998286378306232
6411 3.998629102644986
6414 3.9989032821159887
6420 3.9991226256927908
6424 3.999298100554233
6440 3.999438480443387
6443 3.9995507843547093
6456 3.9996406274837675
6460 3.9997125019870143
6489 3.999770001589612
6498 3.9998160012716895
6503 3.9998528010173517
6505 3.999882240813881
6508 3.999905792651105
6511 3.999924634120884
6529 3.9999517658373653
6547 3.999961412669893
6557 3.999975304108732
6584 3.999980243286986
6614 3.9999841946295893
6623 3.999987355703672
6627 3.999989884562938
6645 3.99999190765035
6649 3.9999935261202806
6673 3.999994820896225
6696 3.99999585671698
6702 3.9999973482988675
6739 3.9999978786390944
6742 3.9999983029112753
6763 3.999998642329021
6766 3.999998913863217
6775 3.999999131090574
6778 3.9999993048724596
6782 3.999999443897968
6799 3.9999995551183742
6815 3.999999644094699
6828 3.9999997152757594
6846 3.1999997722206075
6850 3.359999817776486
6853 3.487999854221189
6856 3.5903998833769517
6860 3.6723199067015617
6862 3.7378559253612496
6863 2.990284740289
6866 3.1922277922311997
6870 3.35378223378496
6873 3.4830257870279686
6893 3.586420629622375
6898 3.6691365036979002
6908 3.7353092029583204
6913 3.788247362366657
6932 3.8644783119146604
6948 3.8915826495317285
6950 3.9132661196253826
6952 3.930612895700306
6955 3.9444903165602447
6958 3.955592253248196
6959 3.164473802598557
6965 3.331579042078846
6970 3.4652632336630766
6991 3.5722105869304617
6996 3.6577684695443695
7005 3.726214775635496
7026 2.980971820508397
7034 3.184777456406718
7063 3.347821965125375
7072 3.4782575721002997
7075 3.5826060576802403
7122 3.6660848461441926
7124 3.7328678769153543
7144 3.7862943015322834
7153 3.8290354412258267
7158 3.863228352980662
7162 3.8905826823845295
7185 3.912466145907624
7188 3.9299729167260997
7207 3.9439783333808798
7247 3.9551826667047036
7269 3.964146133363763
7280 3.971316906691011
7284 3.977053525352809
7287 3.9816428202822474
7302 3.9853142562257977
7305 3.9882514049806383
7308 3.9906011239845105
7317 3.9924808991876084
7343 3.9939847193500873
7346 3.99518777548007
7347 3.196150220384056
7354 3.356920176307245
7363 3.485536141045796
7381 3.588428912836637
7383 3.67074313026931
7395 3.7365945042154483
7399 3.789275603372359
7407 3.8651363861583103
7424 3.8921091089266486
7429 3.913687287141319
7432 3.9309498297130556
7436 3.944759863770445
7449 3.955807891016356
7457 3.964646312813085
7461 3.9717170502504677
7463 3.9773736402003745
7486 3.9818989121602995
7505 3.9855191297282397
7509 3.988415303782592
7513 3.9907322430260734
7526 3.992585794420859
7548 3.9940686355366877
7552 3.9952549084293505
7565 3.9962039267434806
7608 3.996963141394785
7613 3.9975705131158277
7616 3.998056410492662
7643 3.9984451283941302
7672 3.998756102715304
7685 3.999004882172243
7687 3.9992039057377946
7692 3.9993631245902357
7695 3.9994904996721887
7704 3.999592399737751
7720 3.999673919790201
7723 3.9997391358321606
7731 3.9997913086657286
7737 3.999833046932583
7739 3.999866437546067
7765 3.9998931500368533
7773 3.999914520029483
7776 3.999931616023587
7787 3.99994529281887
7810 3.9999562342550963
7813 3.999964987404077
7820 3.999971989923262
7824 3.9999775919386096
7831 3.999982073550888
7836 3.9999856588407106
7844 3.999988527072569
7871 3.999990821658055
7880 3.9999926573264437
7899 3.9999941258611553
7934 3.9999953006889246
7942 3.9999962405511402
7949 3.999996992440912
7956 3.99999759395273
7962 3.9999980751621846
7964 3.9999984601297482
7968 3.999998768103799
8018 3.9999990144830395
8021 3.999999211586432
8033 3.999999369269146
8037 3.9999994954153166
8062 3.9999995963322537
8072 3.9999996770658033
8074 3.999999741652643
8081 3.9999997933221145
8086 3.999999834657692
8093 3.999999867726154
8119 3.999999894180923
8122 3.9999999153447385
8125 3.9999999322757906
8147 3.9999999458206323
8149 3.999999956656506
8171 3.9999999653252045
8181 3.999999972260164
8193 3.999999977808131
8197 3.199999982246505
8207 3.359999985797204
8220 3.487999988637763
8223 3.5903999909102104
8238 3.672319992728169
8248 3.737855994182535
8250 3.790284795346028
8259 3.8322278362768225
8263 3.865782269021458
8279 3.8926258152171664
8292 3.914100652173733
8300 3.9312805217389863
8308 3.9450244173911893
8321 3.9560195339129516
8325 3.9648156271303616
8340 3.97185250170429
8343 3.977482001363432
8346 3.981985601090746
8351 3.9855884808725968
8372 3.9884707846980776
8374 3.9907766277584624
8376 3.9926213022067705
8383 3.994097041765417
8389 3.995277633412334
8419 3.996222106729867
8428 3.996977685383894
8430 3.9975821483071154
8434 3.9980657186456927
8438 3.1984525749165544
8461 3.3587620599332437
8464 3.4870096479465955
8467 3.5896077183572768
8491 3.6716861746858216
8498 3.7373489397486575
8503 3.7898791517989263
8511 3.8319033214391416
8523 3.8655226571513133
8531 3.8924181257210506
8588 3.9139345005768407
8592 3.9311476004614727
8613 3.9449180803691783
8629 3.9559344642953427
8632 3.9647475714362743
8644 3.9717980571490195
8646 3.9774384457192156
8684 3.9819507565753725
8688 3.9855606052602983
8703 3.988448484208239
8707 3.990758787366591
8714 3.992607029893273
8718 3.9940856239146187
8720 3.9952684991316954
8729 3.9962147993053563
8737 3.996971839444285
8747 3.997577471555428
8753 3.998061977244343
8757 3.998449581795475
8774 3.9987596654363804
8777 3.9990077323491047
8780 3.9992061858792836
8792 3.999364948703427
8801 3.999491958962742
8816 3.9996748537361553
8824 3.9997398829889246
8832 3.99979190639114
8842 3.999833525112912
8851 3.99986682009033
8873 3.9998934560722637
8895 3.9999147648578113
8899 3.999931811886249
8906 3.999945449508999
8910 3.999956359607199
8926 3.9999650876857595
8931 3.9999720701486075
8935 3.999977656118886
8953 3.9999821248951086
8967 3.9999856999160874
8971 3.99998855993287
8982 3.999990847946296
8996 3.999992678357037
8999 3.9999941426856296
9003 3.999995314148504
9023 3.9999962513188034
9026 3.9999970010550427
9033 3.9999976008440346
9050 3.999998080675228
9058 3.999998464540183
9080 3.9999987716321463
9115 3.9999990173057176
9130 3.999999213844574
9132 3.999999371075659
9157 3.9999994968605277
9173 3.999999597488422
9183 3.999999677990738
9195 3.999999742392591
9201 3.999999793914073
9233 3.9999998351312582
9244 3.9999998681050064
9247 3.999999894484005
9262 3.999999915587204
9268 3.9999999324697635
9281 3.9999999459758113
9304 3.9999999567806492
9315 3.1999999654245195
9318 3.359999972339616
9335 3.4879999778716932
9340 3.590399982297355
9351 3.672319985837884
9355 3.737855988670307
9360 3.790284790936246
9366 3.8322278327489974
9384 3.865782266199198
9386 3.8926258129593583
9390 3.9141006503674864
9400 3.9312805202939893
9421 3.9450244162351913
9424 3.9560195329881536
9427 3.964815626390523
9467 3.9718525011124184
9474 3.9774820008899345
9491 3.9819856007119476
9495 3.9855884805695583
9501 3.9884707844556466
9505 3.990776627564517
9508 3.9926213020516137
9511 3.9940970416412913
9514 3.995277633313033
9542 3.9962221066504267
9565 3.996977685320341
9587 3.9975821482562734
9591 3.9980657186050186
9593 3.9984525748840154
9596 3.9987620599072127
9599 3.99900964792577
9634 3.9992077183406165
9637 3.9993661746724936
9671 3.999492939737995
9688 3.999594351790396
9705 3.999675481432317
9724 3.999740385145854
9726 3.9997923081166835
9730 3.999833846493347
9734 3.9998670771946783
9751 3.999893661755743
9754 3.9999149294045946
9769 3.999931943523676
9778 3.9999455548189413
9782 3.9999564438551536
9802 3.999965155084123
9805 3.9999721240672983
9825 3.999977699253839
9853 3.9999821594030713
9864 3.999985727522457
9912 3.9999885820179655
9926 3.9999908656143726
9939 3.9999926924914986
9942 3.9999941539931987
9971 3.9999953231945593
9973 3.9999962585556474
9976 3.9999970068445183
9980 3.999997605475615
9997 3.9999980843804925
10026 3.999998467504394
10028 3.9999987740035152
10042 3.9999990192028125
10050 3.9999992153622506
10052 3.9999993722898006
10058 3.9999994978318405
10074 3.9999995982654726
10090 3.9999996786123786
10110 3.9999997428899032
10114 3.9999997943119228
10116 3.9999998354495387
10119 3.999999868359631
10151 3.999999894687705
10154 3.9999999157501644
10167 3.999999932600132
10176 3.9999999460801057
10188 3.9999999568640847
10202 3.999999965491268
10206 3.999999972393015
10237 3.9999999779144124
10240 3.9999999823315298
10242 3.999999985865224
10261 3.9999999886921795
10265 3.999999990953744
10287 3.9999999927629952
10290 3.9999999942103965
10310 3.9999999953683174
10313 3.9999999962946537
10342 3.1999999970357234
10345 3.359999997628579
10371 3.4879999981028638
10388 3.590399998482291
10391 3.6723199987858335
10407 3.7378559990286666
10410 3.790284799222934
10424 3.832227839378347
10440 3.8657822715026775
10444 3.892625817202142
10447 3.9141006537617136
10451 3.931280523009371
10455 3.945024418407497
10459 3.956019534725998
10463 3.9648156277807987
10466 3.971852502224639
10470 3.9774820017797117
10489 3.9819856014237693
10493 3.9855884811390156
10500 3.988470784911213
10524 3.9907766279289705
10527 3.992621302343177
10542 3.994097041874542
10545 3.995277633499634
10569 3.9962221067997072
10574 3.9969776854397656
10576 3.997582148351813
10605 3.9980657186814508
10608 3.998452574945161
10612 3.998762059956129
10619 3.999009647964903
10639 3.999207718371923
10655 3.9993661746975384
10658 3.9994929397580306
10662 3.999594351806425
10678 3.9996754814451405
10684 3.9997403851561124
10689 3.9997923081248903
10706 3.9998338464999126
10711 3.99986707719993
10723 3.999893661759944
10732 3.9999149294079555
10735 3.9999319435263647
10738 3.9999455548210916
10748 3.999956443856873
10759 3.9999651550854987
10764 3.9999721240683987
10788 3.9999776992547194
10816 3.9999821594037757
10826 3.999985727523021
10835 3.9999885820184167
10842 3.999990865614733
10849 3.9999926924917864
10875 3.9999941539934296
10886 3.999995323194744
10908 3.9999962585557958
10920 3.9999970068446364
10924 3.999997605475709
10928 3.999998084380567
10945 3.9999984675044535
10948 3.999998774003563
10957 3.9999990192028507
10964 3.9999992153622808
10995 3.9999993722898246
10998 3.99999949783186
11000 3.9999995982654886
11002 3.999999678612391
11018 3.999999742889913
11030 3.9999997943119308
11041 3.999999835449545
11059 3.9999998683596365
11070 3.9999998946877096
11073 3.999999915750168
11075 3.9999999326001348
11077 3.9999999460801083
11082 3.9999999568640865
11086 3.999999965491269
11088 3.9999999723930157
11108 3.9999999779144124
11113 3.9999999823315298
11121 3.999999985865224
11128 3.9999999886921795
11144 3.999999990953744
11156 3.9999999927629952
11159 3.9999999942103965
11166 3.9999999953683174
11171 3.9999999962946537
11173 3.999999997035723
11200 3.9999999976285787
11204 3.9999999981028633
11216 3.9999999984822905
11219 3.9999999987858326
11222 3.999999999028666
11227 3.9999999992229327
11231 3.999999999378346
11256 3.999999999502677
11259 3.9999999996021414
11262 3.9999999996817133
11283 3.999999999796297
11286 3.999999999837038
11290 3.9999999998696305
11292 3.9999999998957048
11297 3.9999999999165636
11301 3.9999999999332507
11326 3.999999999946601
11337 3.9999999999572813
11351 3.9999999999658256
11371 3.999999999972661
11377 3.9999999999781286
11380 3.999999999982503
11384 3.1999999999860025
11387 3.359999999988802
11391 3.4879999999910423
11417 3.590399999992834
11419 3.6723199999942677
11433 3.737855999995414
11446 3.790284799996331
11458 3.8322278399970653
11469 3.8657822719976522
11471 3.8926258175981223
11476 3.9141006540784984
11495 3.9312805232627985
11498 3.145024418610239
11507 3.3160195348881913
11526 3.452815627910553
11540 3.562252502328443
11572 3.6498020018627546
11577 3.719841601490204
11618 3.7758732811921636
11647 3.8206986249537307
11650 3.8565588999629847
11653 3.885247119970388
11689 3.9081976959763107
11691 3.9265581567810486
11694 3.941246525424839
11715 3.9529972203398716
11717 3.9623977762718976
11733 3.969918221017518
11735 3.975934576814015
11738 3.980747661451212
11748 3.98459812916097
11751 3.987678503328776
11755 3.990142802663021
11759 3.992114242130417
11763 3.993691393704334
11795 3.994953114963468
11808 3.995962491970775
11812 3.9967699935766197
11824 3.9974159948612957
11829 3.997932795889037
11845 3.99834623671123
11849 3.9986769893689837
11854 3.9989415914951874
11870 3.99915327319615
11885 3.9993226185569197
11904 3.9994580948455356
11907 3.9995664758764287
11911 3.9996531807011433
11916 3.999722544560915
11937 3.999778035648732
11953 3.9998224285189856
11956 3.999857942815189
11971 3.999886354252151
11974 3.999909083401721
11987 3.999927266721377
11990 3.9999418133771014
11994 3.999953450701681
12001 3.9999627605613446
12004 3.999970208449076
12022 3.999976166759261
12025 3.999980933407409
12028 3.9999847467259277
12031 3.9999877973807427
12036 3.999990237904594
12041 3.9999921903236757
12044 3.9999937522589404
12068 3.999995001807153
12070 3.999996001445722
12086 3.999996801156578
12088 3.999997440925262
12091 3.99999795274021
12095 3.9999983621921684
12097 3.9999986897537347
12100 3.999998951802988
12121 3.999999161442391
12126 3.999999329153913
12136 3.999999463323131
12148 3.999999570658505
12158 3.9999996565268043
12160 3.9999997252214436
12173 3.9999997801771547
12193 3.9999998241417236
12241 3.9999998593133794
12251 3.999999887450704
12255 3.9999999099605636
12265 3.9999999279684513
12272 3.999999942374761
12275 3.999999953899809
12285 3.999999963119847
12288 3.9999999704958773
12290 3.999999976396702
12303 3.9999999811173614
12309 3.999999984893889
12315 3.9999999879151114
12318 3.999999990332089
12321 3.9999999922656713
12349 3.999999993812537
12352 3.99999999505003
12367 3.9999999960400237
12371 3.9999999968320195
12393 3.9999999974656157
12416 3.9999999983779944
12419 3.9999999987023953
12422 3.9999999989619166
12434 3.9999999991695336
12477 3.9999999993356274
12491 3.9999999994685025
12504 3.9999999995748023
12508 3.999999999659842
12522 3.9999999997278737
12526 3.9999999997822995
12529 3.9999999998258398
12540 3.9999999998606723
12542 3.999999999888538
12545 3.9999999999108304
12549 3.999999999928664
12574 3.999999999942932
12608 3.999999999954346
12613 3.999999999963477
12614 3.1999999999707818
12634 3.3599999999766252
12643 3.4879999999813007
12658 3.590399999985041
12660 3.6723199999880327
12663 3.737855999990426
12677 3.7902847999923415
12698 3.832227839993873
12706 3.8657822719950987
12709 3.8926258175960795
12714 3.914100654076864
12716 3.931280523261491
12720 3.9450244186091927
12731 3.9560195348873544
12766 3.964815627909884
12791 3.9718525023279074
12810 3.9774820018623265
12820 3.9819856014898614
12837 3.985588481191889
12841 3.9884707849535115
12844 3.990776627962809
12856 3.9926213023702477
12862 3.9940970418961985
12866 3.9952776335169586
12868 3.9962221068135673
12889 3.9969776854508536
12892 3.9975821483606833
12908 3.9980657186885464
12933 3.9984525749508375
12935 3.9987620599606704
12940 3.9990096479685366
12946 3.999207718374829
12967 3.9993661746998637
12970 3.9994929397598913
12974 3.9995943518079136
13001 3.9996754814463307
13004 3.9997403851570645
13011 3.9997923081256515
13016 3.999833846500521
13030 3.999867077200417
13055 3.999893661760334
13057 3.999914929408267
13059 3.9999319435266143
13068 3.9999455548212914
13072 3.999956443857033
13075 3.9999651550856266
13077 3.9999721240685018
13084 3.999977699254802
13089 3.9999821594038414
13153 3.9999857275230735
13157 3.9999885820184593
13166 3.999990865614768
13170 3.9999926924918148
13173 3.999994153993452
13188 3.999995323194762
13192 3.99999625855581
13195 3.999997006844648
13198 3.999997605475719
13202 3.999998084380575
13238 3.9999984675044606
13242 3.9999987740035685
13246 3.999999019202855
13275 3.9999992153622843
13284 3.9999993722898273
13292 3.999999497831862
13304 3.9999995982654895
13307 3.999999678612392
13342 3.999999742889914
13363 3.9999997943119316
13366 3.999999835449546
13369 3.9999998683596365
13373 3.9999998946877096
13379 3.999999915750168
13382 3.9999999326001348
13409 3.9999999460801083
13411 3.9999999568640865
13423 3.999999965491269
13425 3.9999999723930157
13447 3.9999999779144124
13455 3.9999999823315298
13459 3.999999985865224
13462 3.9999999886921795
13465 3.999999990953744
13469 3.9999999927629952
13487 3.9999999942103965
13508 3.9999999953683174
13526 3.9999999962946537
13528 3.999999997035723
13537 3.9999999976285787
13553 3.9999999981028633
13556 3.9999999984822905
13567 3.9999999987858326
13570 3.999999999028666
13580 3.9999999992229327
13596 3.999999999378346
13600 3.999999999502677
13603 3.9999999996021414
13606 3.9999999996817133
13609 3.999999999745371
13611 3.999999999796297
13614 3.999999999837038
13639 3.9999999998696305
13641 3.9999999998957048
13664 3.9999999999165636
13667 3.9999999999332507
13670 3.999999999946601
13684 3.9999999999572813
13687 3.9999999999658256
13714 3.999999999972661
13718 3.9999999999781286
13720 3.999999999982503
13725 3.9999999999860023
13733 3.999999999988802
13736 3.999999999991042
13763 3.9999999999928333
13781 3.999999999994267
13785 3.9999999999954134
13789 3.999999999996331
13794 3.9999999999970646
13819 3.9999999999976517
13821 3.9999999999981215
13835 3.999999999998497
13848 3.9999999999987983
13851 3.999999999999039
13857 3.9999999999992317
13893 3.9999999999993854
13898 3.999999999999509
13902 3.9999999999996074
13915 3.9999999999996865
13917 3.9999999999997495
13937 3.9999999999998
13941 3.99999999999984
13944 3.999999999999872
13949 3.999999999999898
13956 3.9999999999999183
13961 3.999999999999935
13964 3.9999999999999485
13973 3.999999999999959
13977 3.999999999999967
13980 3.9999999999999742
13982 3.9999999999999796
13998 3.999999999999984
14018 3.9999999999999876
14042 3.9999999999999902
14046 3.999999999999992
14056 3.999999999999994
14066 3.9999999999999956
14073 3.9999999999999964
14081 3.9999999999999973
14084 3.9999999999999982
14112 3.999999999999999
14122 3.999999999999999
14125 3.999999999999999
14179 3.999999999999999
14181 3.999999999999999
14190 3.999999999999999
14203 3.999999999999999
14212 3.999999999999999
14216 3.999999999999999
14217 3.1999999999999993
14220 3.3599999999999994
14239 3.4879999999999995
14263 2.87232
14265 3.097856
14279 3.2782848000000007
14290 3.4226278400000005
14294 3.5381022720000006
14312 3.6304818176000007
14315 3.7043854540800005
14318 3.763508363264001
14347 3.8108066906112006
14350 3.848645352488961
14355 3.8789162819911693
14361 3.9031330255929353
14365 3.922506420474348
14394 3.938005136379479
14397 3.950404109103583
14401 3.9603232872828666
14404 3.968258629826294
14411 3.9746069038610354
14419 3.979685523088828
14441 3.9837484184710625
14444 3.98699873477685
14448 3.9895989878214797
14476 3.9916791902571838
14487 3.9933433522057475
14490 3.9946746817645984
14507 3.9957397454116785
14521 3.9965917963293434
14524 3.997273437063475
14527 3.99781874965078
14572 3.9982549997206247
14574 3.9986039997765
14578 3.9988831998211998
14581 3.99910655985696
14590 3.9992852478855685
14595 3.999428198308455
14600 3.9995425586467643
14602 3.9996340469174116
14615 3.9997072375339293
14617 3.9997657900271433
14623 3.9998126320217144
14627 3.999850105617372
14653 3.999880084493898
14665 3.9999040675951187
14678 3.999923254076095
14682 3.999938603260876
14685 3.999950882608701
14689 3.999960706086961
14705 3.999968564869569
14731 3.9999748518956553
14733 3.9999798815165244
14736 3.9999839052132193
14739 3.999987124170576
14753 3.999989699336461
14773 3.999991759469169
14785 3.999993407575335
14792 3.999994726060268
14806 3.9999957808482147
14809 3.9999966246785723
14836 3.9999972997428577
14838 3.999997839794286
14842 3.9999982718354294
14845 3.9999986174683437
14863 3.9999988939746753
14877 3.9999991151797403
14881 3.9999992921437926
14886 3.9999994337150344
14890 3.9999995469720275
14898 3.9999996375776226
14907 3.999999710062098
14913 3.999999768049679
14930 3.999999814439743
14941 3.9999998515517943
14945 3.9999998812414352
14948 3.9999999049931487
14956 3.999999923994519
14961 3.9999999391956154
14963 3.999999951356492
14969 3.9999999610851935
15002 3.9999999688681553
15004 3.999999975094524
15009 3.9999999800756196
15013 3.999999984060496
15027 3.9999999872483967
15029 3.9999999897987175
15031 3.9999999918389744
15035 3.99999999347118
15040 3.9999999947769442
15043 3.9999999958215557
15060 3.9999999966572446
15063 3.999999997325796
15066 3.9999999978606366
15069 3.9999999982885095
15078 3.999999998630808
15093 3.999999998904647
15100 3.999999999123718
15104 3.999999999298974
15106 3.9999999994391793
15108 3.9999999995513438
15116 3.9999999996410756
15123 3.999999999712861
15126 3.9999999997702886
15138 3.9999999998162314
15152 3.999999999852985
15161 3.9999999998823883
15164 3.999999999905911
15179 3.9999999999247287
15189 3.9999999999397833
15193 3.999999999951827
15201 3.999999999961462
15236 3.9999999999691696
15242 3.999999999975336
15249 3.999999999980269
15260 3.9999999999842153
15264 3.9999999999873728