29 -1.0
175 -0.3901402744512824
226 -2.0496897756488206
308 -3.072033876547685
310 -3.072033876547685
311 -3.072033876547685
312 -3.072033876547685
319 -2.357627101238148
373 -0.8123097988269731
402 -0.33987827124926284
466 -2.219053639630694
524 -3.7679868778458796
577 -1.4564973773478593
635 0.08969276121001814
638 0.17175420896801452
645 0.17175420896801452
647 0.17175420896801452
650 0.17175420896801452
661 -0.8625966328255884
663 -0.8625966328255884
679 -0.5900773062604708
696 -0.3720618450083767
830 -2.202813780297876
845 -1.2298008193906407
858 -1.2298008193906407
882 -0.8838406555125126
897 -0.8838406555125126
914 -0.6070725244100101
956 -2.1885264156224062
967 -1.756525524798672
971 -1.756525524798672
982 -1.756525524798672
985 -1.756525524798672
986 -1.756525524798672
990 -1.756525524798672
992 -1.756525524798672
1012 -2.04417633587115
1055 -2.6353410686969205
1077 -3.4866182839660294
1081 -3.4866182839660294
1096 -2.6892946271728237
1104 -2.6892946271728237
1122 -2.051435701738259
1159 -1.9063350792899887
1163 -1.9063350792899887
1164 -1.9063350792899887
1165 -1.9063350792899887
1173 -1.425068063431991
1206 -1.425068063431991
1207 -1.425068063431991
1210 -1.425068063431991
1214 -1.425068063431991
1225 -1.425068063431991
1235 -1.425068063431991
1236 -1.425068063431991
1237 -1.425068063431991
1238 -1.425068063431991
1254 -2.7120435605964746
1256 -2.7120435605964746
1257 -2.7120435605964746
1258 -2.7120435605964746
1265 -2.7120435605964746
1286 -2.7120435605964746
1298 -3.16963484847718
1300 -3.16963484847718
1301 -3.16963484847718
1322 -4.062853042420317
1329 -4.062853042420317
1330 -4.062853042420317
1331 -4.062853042420317
1336 -4.062853042420317
1359 -4.4002259471490035
1372 -4.520180757719203
1376 -4.520180757719203
1377 -4.520180757719203
1383 -4.520180757719203
1386 -4.520180757719203
1387 -4.520180757719203
1420 -3.5161446061753625
1435 -3.81291568494029
1437 -3.81291568494029
1443 -3.81291568494029
1453 -4.050332547952232
1455 -4.050332547952232
1456 -4.050332547952232
1463 -4.240266038361786
1464 -4.240266038361786
1467 -3.292212830689429
1485 -2.5337702645515434
1487 -2.5337702645515434
1493 -2.5337702645515434
1497 -2.5337702645515434
1498 -2.5337702645515434
1511 -2.5337702645515434
1538 -2.5337702645515434
1539 -2.5337702645515434
1543 -2.5337702645515434
1544 -2.5337702645515434
1549 -2.5337702645515434
1550 -2.5337702645515434
1551 -2.5337702645515434
1552 -2.5337702645515434
1556 -2.5337702645515434
1557 -2.5337702645515434
1563 -2.5337702645515434
1564 -2.5337702645515434
1574 -2.5337702645515434
1582 -2.5337702645515434
1599 -1.4416129693129878
1600 -1.4416129693129878
1605 -1.4416129693129878
1606 -1.4416129693129878
1607 -1.4416129693129878
1608 -1.4416129693129878
1612 -1.4416129693129878
1617 -2.15329037545039
1645 -2.722632300360312
1650 -2.722632300360312
1662 -2.722632300360312
1664 -2.722632300360312
1669 -2.722632300360312
1670 -2.722632300360312
1678 -2.722632300360312
1689 -3.1781058402882496
1690 -3.1781058402882496
1691 -3.1781058402882496
1692 -3.1781058402882496
1712 -3.5424846722306
1729 -3.5424846722306
1752 -2.73398773778448
1753 -2.73398773778448
1757 -2.73398773778448
1765 -2.73398773778448
1791 -2.73398773778448
1792 -2.73398773778448
1815 -3.187190190227584
1830 -3.187190190227584
1836 -3.187190190227584
1837 -3.187190190227584
1840 -3.187190190227584
1841 -3.187190190227584
1865 -3.187190190227584
1866 -3.187190190227584
1869 -3.187190190227584
1870 -3.187190190227584
1873 -3.187190190227584
1881 -3.187190190227584
1882 -3.187190190227584
1905 -3.187190190227584
1908 -3.187190190227584
1909 -3.187190190227584
1923 -3.187190190227584
1925 -3.187190190227584
1928 -3.187190190227584
1943 -3.5497521521820676
1950 -3.5497521521820676
1991 -4.071841377396524
1998 -4.071841377396524
2017 -4.071841377396524
2018 -4.071841377396524
2022 -4.071841377396524
2033 -4.257473101917219
2034 -4.257473101917219
2035 -4.257473101917219
2066 -4.257473101917219
2079 -4.257473101917219
2083 -4.257473101917219
2086 -4.257473101917219
2087 -4.257473101917219
2102 -4.257473101917219
2115 -4.405978481533776
2119 -4.405978481533776
2120 -4.405978481533776
2122 -4.405978481533776
2133 -4.405978481533776
2141 -4.405978481533776
2142 -4.405978481533776
2151 -4.405978481533776
2157 -4.405978481533776
2166 -4.405978481533776
2170 -4.405978481533776
2173 -4.405978481533776
2179 -4.405978481533776
2180 -4.405978481533776
2196 -4.405978481533776
2197 -4.405978481533776
2204 -4.405978481533776
2205 -4.405978481533776
2209 -4.405978481533776
2210 -4.405978481533776
2211 -4.405978481533776
2214 -4.405978481533776
2232 -4.405978481533776
2236 -4.524782785227021
2239 -4.524782785227021
2242 -4.524782785227021
2257 -4.619826228181617
2258 -4.619826228181617
2290 -4.695860982545295
2293 -4.695860982545295
2318 -3.6566887860362356
2321 -3.6566887860362356
2339 -3.6566887860362356
2340 -3.6566887860362356
2345 -3.6566887860362356
2361 -3.9253510288289886
2385 -4.140280823063192
2395 -4.140280823063192
2434 -4.312224658450553
2462 -4.312224658450553
2467 -4.312224658450553
2468 -4.312224658450553
2499 -4.449779726760443
2500 -4.449779726760443
2503 -4.449779726760443
2504 -4.449779726760443
2511 -4.449779726760443
2544 -4.559823781408355
2556 -4.559823781408355
2557 -4.559823781408355
2560 -4.559823781408355
2570 -4.559823781408355
2571 -4.559823781408355
2572 -4.559823781408355
2573 -4.559823781408355
2574 -4.559823781408355
2575 -4.559823781408355
2578 -4.559823781408355
2579 -4.559823781408355
2582 -4.559823781408355
2592 -4.559823781408355
2603 -4.559823781408355
2620 -4.559823781408355
2621 -4.559823781408355
2625 -4.559823781408355
2649 -4.647859025126683
2650 -4.647859025126683
2665 -4.647859025126683
2669 -3.618287220101347
2670 -3.618287220101347
2673 -3.618287220101347
2674 -3.618287220101347
2681 -3.618287220101347
2685 -3.618287220101347
2701 -3.618287220101347
2702 -3.618287220101347
2703 -3.618287220101347
2704 -3.618287220101347
2708 -3.618287220101347
2709 -3.618287220101347
2730 -3.8946297760810777
2739 -3.8946297760810777
2742 -3.8946297760810777
2743 -3.8946297760810777
2761 -4.4340504453535114
2762 -4.4340504453535114
2776 -4.4340504453535114
2777 -4.4340504453535114
2784 -4.54724035628281
2791 -4.54724035628281
2792 -4.54724035628281
2793 -4.54724035628281
2794 -4.54724035628281
2811 -4.710233828020998
2814 -4.710233828020998
2824 -4.768187062416798
2847 -3.7145496499334385
2848 -3.7145496499334385
2849 -3.7145496499334385
2850 -3.7145496499334385
2851 -3.7145496499334385
2852 -3.7145496499334385
2868 -3.2973117759574007
2872 -3.637849420765921
2873 -3.637849420765921
2876 -3.637849420765921
2877 -3.637849420765921
2878 -3.637849420765921
2879 -3.637849420765921
2882 -3.637849420765921
2902 -3.637849420765921
2910 -3.637849420765921
2922 -3.910279536612737
2929 -3.910279536612737
2932 -3.910279536612737
2936 -3.910279536612737
2937 -3.910279536612737
2938 -3.910279536612737
2939 -3.910279536612737
2940 -3.910279536612737
2941 -3.910279536612737
2942 -3.910279536612737
2946 -3.910279536612737
2947 -3.910279536612737
2964 -3.910279536612737
2975 -3.910279536612737
2977 -3.910279536612737
2980 -3.910279536612737
2981 -3.910279536612737
2982 -3.910279536612737
2990 -3.910279536612737
3008 -3.910279536612737
3018 -3.910279536612737
3021 -3.910279536612737
3022 -3.910279536612737
3040 -4.12822362929019
3046 -4.12822362929019
3047 -4.12822362929019
3075 -4.12822362929019
3079 -4.12822362929019
3089 -4.12822362929019
3090 -4.12822362929019
3097 -4.12822362929019
3101 -4.12822362929019
3108 -4.12822362929019
3115 -4.12822362929019
3116 -4.12822362929019
3122 -4.12822362929019
3125 -4.12822362929019
3136 -4.12822362929019
3150 -4.12822362929019
3162 -4.12822362929019
3163 -4.12822362929019
3167 -4.12822362929019
3178 -4.12822362929019
3181 -4.12822362929019
3185 -4.12822362929019
3186 -4.12822362929019
3194 -4.12822362929019
3203 -4.302578903432153
3204 -4.302578903432153
3218 -4.302578903432153
3219 -4.302578903432153
3230 -4.302578903432153
3231 -4.302578903432153
3232 -4.302578903432153
3233 -4.302578903432153
3244 -4.302578903432153
3252 -4.302578903432153
3253 -4.302578903432153
3254 -4.302578903432153
3266 -4.302578903432153
3267 -4.302578903432153
3268 -4.302578903432153
3271 -4.302578903432153
3275 -4.302578903432153
3276 -4.302578903432153
3279 -4.302578903432153
3280 -4.302578903432153
3281 -4.302578903432153
3293 -4.302578903432153
3303 -4.302578903432153
3307 -4.442063122745722
3324 -4.442063122745722
3356 -4.442063122745722
3365 -4.442063122745722
3366 -4.442063122745722
3389 -4.442063122745722
3390 -4.442063122745722
3393 -4.442063122745722
3402 -4.442063122745722
3405 -4.442063122745722
3408 -4.442063122745722
3409 -4.442063122745722
3410 -4.442063122745722
3411 -4.442063122745722
3412 -4.442063122745722
3438 -4.642920398557263
3442 -4.642920398557263
3443 -4.642920398557263
3444 -4.642920398557263
3445 -4.642920398557263
3447 -4.642920398557263
3448 -4.642920398557263
3449 -4.642920398557263
3454 -3.6143363188458104
3458 -3.6143363188458104
3470 -3.6143363188458104
3479 -3.8914690550766484
3483 -3.8914690550766484
3506 -3.8914690550766484
3507 -3.8914690550766484
3525 -3.8914690550766484
3526 -3.8914690550766484
3527 -3.8914690550766484
3530 -3.8914690550766484
3538 -4.113175244061319
3539 -4.113175244061319
3540 -4.113175244061319
3543 -4.113175244061319
3544 -4.113175244061319
3545 -4.113175244061319
3546 -4.113175244061319
3550 -4.113175244061319
3553 -4.113175244061319
3554 -4.113175244061319
3555 -4.113175244061319
3559 -4.113175244061319
3563 -4.113175244061319
3591 -4.290540195249055
3592 -4.290540195249055
3605 -4.290540195249055
3610 -4.290540195249055
3623 -4.290540195249055
3624 -4.290540195249055
3633 -4.290540195249055
3645 -4.290540195249055
3649 -4.290540195249055
3658 -4.290540195249055
3662 -4.290540195249055
3663 -4.290540195249055
3675 -4.290540195249055
3680 -4.290540195249055
3683 -4.290540195249055
3687 -4.290540195249055
3688 -4.290540195249055
3709 -4.290540195249055
3712 -4.290540195249055
3713 -4.290540195249055
3720 -4.290540195249055
3724 -4.290540195249055
3731 -4.290540195249055
3735 -4.290540195249055
3759 -4.290540195249055
3763 -4.290540195249055
3764 -4.290540195249055
3765 -4.290540195249055
3766 -4.290540195249055
3809 -4.290540195249055
3821 -4.290540195249055
3829 -4.290540195249055
3841 -4.290540195249055
3850 -4.290540195249055
3851 -4.290540195249055
3852 -4.290540195249055
3853 -4.290540195249055
3854 -4.290540195249055
3855 -4.290540195249055
3864 -4.290540195249055
3865 -4.290540195249055
3866 -4.290540195249055
3867 -4.290540195249055
3868 -4.290540195249055
3869 -4.290540195249055
3872 -4.290540195249055
3889 -4.290540195249055
3892 -4.290540195249055
3898 -4.290540195249055
3901 -4.290540195249055
3902 -4.290540195249055
3903 -4.290540195249055
3913 -4.290540195249055
3929 -4.290540195249055
3932 -4.290540195249055
3948 -4.290540195249055
3964 -4.290540195249055
3965 -4.290540195249055
3968 -4.290540195249055
4016 -4.290540195249055
4020 -4.290540195249055
4038 -4.290540195249055
4043 -4.290540195249055
4058 -4.290540195249055
4100 -4.290540195249055
4125 -4.290540195249055
4149 -4.432432156199244
4152 -4.432432156199244
4153 -4.432432156199244
4158 -4.432432156199244
4169 -4.432432156199244
4191 -4.432432156199244
4198 -4.432432156199244
4210 -4.432432156199244
4227 -4.545945724959395
4228 -4.545945724959395
4229 -4.545945724959395
4230 -4.545945724959395
4231 -4.545945724959395
4232 -4.545945724959395
4235 -4.545945724959395
4236 -4.545945724959395
4239 -4.545945724959395
4240 -4.545945724959395
4274 -4.545945724959395
4285 -4.636756579967516
4291 -4.636756579967516
4295 -4.636756579967516
4298 -4.636756579967516
4301 -4.636756579967516
4302 -4.636756579967516
4303 -4.636756579967516
4304 -4.636756579967516
4305 -4.636756579967516
4306 -4.636756579967516
4309 -4.636756579967516
4346 -4.636756579967516
4351 -4.636756579967516
4372 -4.636756579967516
4373 -4.636756579967516
4379 -4.636756579967516
4383 -4.636756579967516
4387 -4.636756579967516
4388 -4.636756579967516
4397 -4.709405263974013
4398 -4.709405263974013
4404 -4.709405263974013
4405 -4.709405263974013
4424 -4.709405263974013
4445 -4.709405263974013
4446 -4.709405263974013
4447 -4.709405263974013
4452 -4.709405263974013
4453 -4.709405263974013
4471 -4.709405263974013
4487 -4.709405263974013
4494 -4.767524211179211
4503 -4.767524211179211
4506 -4.767524211179211
4509 -4.767524211179211
4517 -4.814019368943368
4526 -4.814019368943368
4534 -4.814019368943368
4535 -4.814019368943368
4538 -4.814019368943368
4539 -4.814019368943368
4556 -4.814019368943368
4565 -4.851215495154695
4574 -4.851215495154695
4575 -4.851215495154695
4579 -4.851215495154695
4580 -4.851215495154695
4581 -4.851215495154695
4582 -4.851215495154695
4583 -4.851215495154695
4584 -4.851215495154695
4598 -4.851215495154695
4616 -4.880972396123756
4617 -4.880972396123756
4622 -4.880972396123756
4625 -4.880972396123756
4628 -4.880972396123756
4642 -4.880972396123756
4652 -4.880972396123756
4653 -4.880972396123756
4657 -4.880972396123756
4660 -4.880972396123756
4663 -4.880972396123756
4664 -4.880972396123756
4665 -4.880972396123756
4666 -4.880972396123756
4669 -4.880972396123756
4697 -4.880972396123756
4701 -4.880972396123756
4707 -4.880972396123756
4711 -4.880972396123756
4721 -4.880972396123756
4725 -4.880972396123756
4729 -4.880972396123756
4758 -4.880972396123756
4764 -4.880972396123756
4765 -4.880972396123756
4779 -4.880972396123756
4780 -4.880972396123756
4783 -4.880972396123756
4784 -4.880972396123756
4785 -4.880972396123756
4786 -4.880972396123756
4787 -4.880972396123756
4797 -4.880972396123756
4798 -4.880972396123756
4809 -4.880972396123756
4810 -4.880972396123756
4813 -4.880972396123756
4824 -4.880972396123756
4836 -4.880972396123756
4843 -4.880972396123756
4846 -4.880972396123756
4855 -4.880972396123756
4859 -4.880972396123756
4876 -4.880972396123756
4884 -4.880972396123756
4887 -4.880972396123756
4888 -4.880972396123756
4889 -4.880972396123756
4903 -4.880972396123756
4910 -4.880972396123756
4911 -4.880972396123756
4925 -4.880972396123756
4930 -4.904777916899005
4931 -4.904777916899005
4932 -4.904777916899005
4941 -4.904777916899005
4944 -4.904777916899005
4952 -4.904777916899005
4955 -4.904777916899005
4968 -4.904777916899005
4972 -4.904777916899005
4992 -4.904777916899005
5021 -4.904777916899005
5030 -4.904777916899005
5031 -4.904777916899005
5045 -4.904777916899005
5048 -4.904777916899005
5052 -4.904777916899005
5070 -3.823822333519204
5074 -3.823822333519204
5119 -3.823822333519204
5120 -3.823822333519204
5123 -3.823822333519204
5142 -3.823822333519204
5151 -3.823822333519204
5152 -3.823822333519204
5155 -3.823822333519204
5156 -3.823822333519204
5157 -3.823822333519204
5158 -3.823822333519204
5159 -3.823822333519204
5190 -3.823822333519204
5195 -3.823822333519204
5199 -3.823822333519204
5208 -3.823822333519204
5209 -3.823822333519204
5210 -3.823822333519204
5211 -3.823822333519204
5213 -3.823822333519204
5214 -3.823822333519204
5231 -3.823822333519204
5232 -3.823822333519204
5235 -3.823822333519204
5236 -3.823822333519204
5243 -4.059057866815364
5253 -4.059057866815364
5259 -4.059057866815364
5270 -4.059057866815364
5283 -4.059057866815364
5298 -4.059057866815364
5299 -4.059057866815364
5305 -4.059057866815364
5308 -4.059057866815364
5311 -4.059057866815364
5325 -4.059057866815364
5326 -4.059057866815364
5327 -4.059057866815364
5328 -4.059057866815364
5337 -4.059057866815364
5345 -4.059057866815364
5348 -4.059057866815364
5364 -4.059057866815364
5365 -4.059057866815364
5366 -4.059057866815364
5371 -4.059057866815364
5376 -4.059057866815364
5377 -4.059057866815364
5386 -4.059057866815364
5387 -4.059057866815364
5389 -4.059057866815364
5390 -4.059057866815364
5396 -4.059057866815364
5400 -4.059057866815364
5409 -4.059057866815364
5410 -4.059057866815364
5411 -4.059057866815364
5414 -4.059057866815364
5415 -4.059057866815364
5416 -4.059057866815364
5428 -4.059057866815364
5439 -4.059057866815364
5448 -4.059057866815364
5451 -4.059057866815364
5506 -4.059057866815364
5511 -4.059057866815364
5515 -4.059057866815364
5530 -4.059057866815364
5546 -4.2472462934522905
5557 -4.397797034761833
5560 -4.397797034761833
5561 -4.397797034761833
5564 -4.397797034761833
5567 -4.397797034761833
5584 -4.397797034761833
5585 -4.397797034761833
5588 -4.397797034761833
5589 -4.397797034761833
5590 -4.397797034761833
5591 -4.397797034761833
5610 -4.518237627809467
5611 -4.518237627809467
5612 -4.518237627809467
5613 -4.518237627809467
5622 -4.518237627809467
5626 -4.518237627809467
5634 -4.614590102247574
5635 -4.614590102247574
5640 -4.614590102247574
5644 -4.614590102247574
5648 -4.614590102247574
5652 -4.614590102247574
5666 -4.614590102247574
5667 -4.614590102247574
5671 -4.614590102247574
5672 -4.614590102247574
5678 -4.614590102247574
5681 -4.614590102247574
5685 -4.614590102247574
5700 -4.614590102247574
5701 -4.614590102247574
5704 -4.614590102247574
5708 -4.614590102247574
5711 -4.614590102247574
5712 -4.614590102247574
5734 -4.614590102247574
5737 -4.614590102247574
5738 -4.614590102247574
5739 -4.614590102247574
5743 -4.614590102247574
5749 -4.614590102247574
5754 -4.614590102247574
5755 -4.614590102247574
5756 -4.614590102247574
5757 -4.614590102247574
5758 -4.614590102247574
5767 -4.614590102247574
5768 -4.614590102247574
5769 -4.614590102247574
5773 -4.614590102247574
5774 -4.614590102247574
5780 -4.614590102247574
5788 -4.614590102247574
5789 -4.614590102247574
5793 -4.614590102247574
5794 -4.614590102247574
5820 -4.614590102247574
5829 -4.614590102247574
5830 -4.614590102247574
5831 -4.614590102247574
5834 -4.614590102247574
5838 -4.614590102247574
5844 -4.614590102247574
5872 -4.614590102247574
5875 -4.614590102247574
5881 -4.614590102247574
5893 -4.614590102247574
5899 -4.614590102247574
5903 -4.614590102247574
5907 -4.614590102247574
5910 -4.614590102247574
5920 -4.614590102247574
5923 -4.614590102247574
5927 -4.614590102247574
5939 -4.614590102247574
5959 -4.614590102247574
5960 -4.614590102247574
5963 -4.614590102247574
5964 -4.614590102247574
5974 -4.614590102247574
5985 -4.614590102247574
5988 -4.614590102247574
5989 -4.614590102247574
5990 -4.614590102247574
6002 -4.614590102247574
6003 -4.614590102247574
6004 -4.614590102247574
6018 -4.614590102247574
6022 -4.614590102247574
6023 -4.614590102247574
6024 -4.614590102247574
6043 -4.614590102247574
6047 -4.614590102247574
6048 -4.614590102247574
6051 -4.614590102247574
6052 -4.614590102247574
6073 -4.614590102247574
6076 -4.614590102247574
6077 -4.614590102247574
6101 -4.614590102247574
6102 -4.614590102247574
6109 -4.614590102247574
6116 -4.614590102247574
6127 -4.614590102247574
6128 -4.614590102247574
6129 -4.614590102247574
6141 -4.614590102247574
6154 -4.614590102247574
6159 -4.614590102247574
6162 -4.614590102247574
6163 -4.614590102247574
6180 -4.691672081798059
6181 -4.691672081798059
6184 -4.691672081798059
6195 -4.691672081798059
6199 -4.691672081798059
6205 -4.691672081798059
6216 -4.691672081798059
6233 -4.691672081798059
6234 -4.691672081798059
6241 -4.691672081798059
6245 -4.691672081798059
6250 -4.691672081798059
6262 -4.691672081798059
6265 -4.691672081798059
6275 -4.691672081798059
6276 -4.691672081798059
6281 -4.691672081798059
6282 -4.691672081798059
6290 -4.691672081798059
6295 -4.691672081798059
6296 -4.691672081798059
6323 -4.691672081798059
6328 -4.691672081798059
6338 -4.691672081798059
6339 -4.691672081798059
6342 -4.691672081798059
6345 -4.691672081798059
6349 -4.691672081798059
6365 -4.691672081798059
6366 -4.691672081798059
6369 -4.691672081798059
6380 -4.691672081798059
6398 -4.691672081798059
6399 -4.691672081798059
6403 -4.691672081798059
6404 -4.691672081798059
6410 -4.691672081798059
6423 -4.691672081798059
6426 -4.691672081798059
6433 -4.691672081798059
6442 -4.753337665438448
6449 -4.753337665438448
6452 -4.753337665438448
6453 -4.753337665438448
6454 -4.753337665438448
6458 -4.802670132350759
6462 -4.802670132350759
6463 -4.802670132350759
6464 -4.802670132350759
6476 -4.802670132350759
6477 -4.802670132350759
6478 -4.802670132350759
6491 -4.802670132350759
6502 -4.802670132350759
6507 -4.802670132350759
6513 -4.802670132350759
6521 -4.802670132350759
6534 -4.842136105880607
6535 -4.842136105880607
6536 -4.842136105880607
6537 -4.842136105880607
6542 -4.842136105880607
6545 -4.842136105880607
6553 -4.842136105880607
6556 -4.842136105880607
6565 -4.842136105880607
6566 -4.842136105880607
6567 -4.842136105880607
6570 -4.842136105880607
6571 -4.842136105880607
6572 -4.842136105880607
6580 -4.842136105880607
6589 -4.842136105880607
6590 -4.842136105880607
6591 -4.842136105880607
6598 -4.842136105880607
6608 -4.842136105880607
6625 -4.842136105880607
6629 -4.842136105880607
6630 -4.842136105880607
6642 -4.842136105880607
6647 -4.842136105880607
6664 -4.842136105880607
6667 -4.842136105880607
6668 -4.842136105880607
6671 -4.842136105880607
6672 -4.842136105880607
6681 -4.842136105880607
6692 -4.842136105880607
6698 -4.842136105880607
6704 -4.842136105880607
6705 -4.842136105880607
6706 -4.842136105880607
6721 -4.842136105880607
6731 -4.842136105880607
6744 -4.873708884704486
6745 -4.873708884704486
6746 -4.873708884704486
6750 -4.873708884704486
6777 -4.919173686210872
6780 -4.919173686210872
6781 -4.919173686210872
6784 -4.919173686210872
6795 -4.919173686210872
6798 -4.919173686210872
6802 -4.919173686210872
6812 -4.919173686210872
6813 -4.919173686210872
6814 -4.919173686210872
6841 -4.919173686210872
6845 -4.919173686210872
6852 -4.919173686210872
6855 -4.919173686210872
6858 -4.919173686210872
6869 -4.919173686210872
6872 -4.919173686210872
6890 -4.919173686210872
6891 -4.919173686210872
6892 -4.919173686210872
6896 -4.919173686210872
6897 -4.919173686210872
6912 -4.919173686210872
6915 -4.919173686210872
6916 -4.919173686210872
6919 -4.919173686210872
6926 -4.935338948968697
6930 -4.935338948968697
6931 -4.935338948968697
6957 -4.935338948968697
6964 -4.935338948968697
6968 -4.935338948968697
6972 -4.935338948968697
6990 -4.935338948968697
7000 -4.935338948968697
7008 -4.935338948968697
7009 -4.935338948968697
7028 -4.935338948968697
7029 -4.935338948968697
7043 -4.935338948968697
7048 -4.935338948968697
7049 -4.935338948968697
7054 -4.935338948968697
7055 -4.935338948968697
7062 -4.935338948968697
7070 -4.935338948968697
7077 -4.935338948968697
7093 -4.935338948968697
7097 -4.935338948968697
7103 -4.935338948968697
7104 -4.935338948968697
7105 -4.935338948968697
7106 -4.935338948968697
7107 -4.935338948968697
7108 -4.935338948968697
7126 -4.935338948968697
7133 -4.935338948968697
7134 -4.935338948968697
7140 -4.935338948968697
7151 -4.935338948968697
7152 -4.935338948968697
7155 -4.935338948968697
7160 -4.935338948968697
7161 -4.935338948968697
7183 -4.935338948968697
7187 -4.935338948968697
7202 -4.935338948968697
7205 -4.935338948968697
7220 -4.935338948968697
7224 -4.935338948968697
7235 -4.935338948968697
7236 -4.935338948968697
7237 -4.935338948968697
7244 -4.935338948968697
7245 -4.935338948968697
7249 -4.935338948968697
7264 -4.935338948968697
7268 -4.935338948968697
7282 -4.935338948968697
7286 -4.935338948968697
7304 -4.935338948968697
7307 -4.935338948968697
7310 -4.935338948968697
7320 -4.935338948968697
7321 -4.935338948968697
7336 -4.935338948968697
7345 -4.935338948968697
7349 -4.935338948968697
7352 -4.935338948968697
7361 -4.935338948968697
7371 -4.935338948968697
7398 -4.935338948968697
7413 -4.935338948968697
7427 -4.935338948968697
7431 -4.935338948968697
7435 -4.935338948968697
7438 -4.935338948968697
7439 -4.935338948968697
7455 -4.935338948968697
7456 -4.935338948968697
7459 -4.935338948968697
7483 -4.935338948968697
7484 -4.935338948968697
7485 -4.935338948968697
7500 -4.935338948968697
7504 -4.935338948968697
7507 -4.935338948968697
7511 -4.935338948968697
7515 -4.935338948968697
7516 -4.935338948968697
7522 -4.935338948968697
7525 -4.935338948968697
7534 -4.935338948968697
7535 -4.935338948968697
7536 -4.935338948968697
7537 -4.935338948968697
7550 -4.935338948968697
7551 -4.935338948968697
7560 -4.935338948968697
7561 -4.935338948968697
7562 -4.935338948968697
7563 -4.935338948968697
7564 -4.935338948968697
7574 -4.935338948968697
7582 -4.935338948968697
7583 -4.935338948968697
7584 -4.935338948968697
7592 -4.935338948968697
7593 -4.935338948968697
7600 -4.935338948968697
7604 -4.935338948968697
7605 -4.935338948968697
7606 -4.935338948968697
7611 -4.935338948968697
7623 -4.935338948968697
7627 -4.935338948968697
7634 -4.935338948968697
7642 -4.935338948968697
7645 -4.935338948968697
7646 -4.935338948968697
7647 -4.935338948968697
7648 -4.935338948968697
7660 -4.948271159174958
7661 -4.948271159174958
7662 -4.948271159174958
7668 -4.948271159174958
7669 -4.948271159174958
7670 -4.948271159174958
7671 -4.948271159174958
7674 -4.948271159174958
7679 -4.948271159174958
7682 -4.948271159174958
7683 -4.948271159174958
7684 -4.948271159174958
7690 -4.948271159174958
7691 -4.948271159174958
7694 -4.948271159174958
7706 -4.948271159174958
7711 -4.948271159174958
7712 -4.948271159174958
7713 -4.948271159174958
7714 -4.948271159174958
7715 -4.948271159174958
7716 -4.948271159174958
7717 -4.948271159174958
7718 -4.948271159174958
7719 -4.948271159174958
7722 -4.948271159174958
7741 -4.948271159174958
7754 -4.948271159174958
7755 -4.948271159174958
7756 -4.948271159174958
7761 -4.948271159174958
7772 -4.948271159174958
7783 -4.948271159174958
7786 -4.948271159174958
7789 -4.948271159174958
7798 -4.948271159174958
7802 -4.948271159174958
7803 -4.948271159174958
7804 -4.948271159174958
7805 -4.948271159174958
7806 -4.948271159174958
7838 -4.948271159174958
7850 -4.948271159174958
7879 -4.948271159174958
7882 -4.948271159174958
7903 -4.948271159174958
7910 -4.948271159174958
7911 -4.948271159174958
7912 -4.948271159174958
7927 -4.948271159174958
7933 -4.948271159174958
7952 -4.948271159174958
7953 -4.948271159174958
7954 -4.948271159174958
7958 -4.948271159174958
7959 -4.948271159174958
7960 -4.948271159174958
7966 -4.948271159174958
7981 -4.948271159174958
7988 -4.948271159174958
8001 -4.948271159174958
8007 -4.948271159174958
8016 -4.948271159174958
8017 -4.948271159174958
8020 -4.948271159174958
8028 -4.948271159174958
8031 -4.948271159174958
8032 -4.948271159174958
8035 -4.948271159174958
8039 -4.948271159174958
8040 -4.948271159174958
8052 -4.948271159174958
8053 -4.948271159174958
8054 -4.948271159174958
8067 -4.948271159174958
8071 -4.948271159174958
8103 -4.948271159174958
8104 -4.948271159174958
8105 -4.948271159174958
8106 -4.948271159174958
8107 -4.948271159174958
8115 -4.948271159174958
8118 -4.948271159174958
8121 -4.948271159174958
8127 -4.948271159174958
8143 -4.948271159174958
8160 -4.948271159174958
8167 -4.948271159174958
8170 -4.948271159174958
8174 -4.948271159174958
8179 -4.948271159174958
8180 -4.948271159174958
8210 -4.948271159174958
8218 -4.948271159174958
8219 -4.948271159174958
8225 -4.948271159174958
8252 -4.948271159174958
8266 -4.948271159174958
8291 -4.948271159174958
8307 -4.948271159174958
8315 -4.948271159174958
8316 -4.948271159174958
8317 -4.948271159174958
8320 -4.948271159174958
8327 -4.948271159174958
8338 -4.948271159174958
8339 -4.948271159174958
8345 -4.948271159174958
8349 -4.948271159174958
8353 -4.948271159174958
8354 -4.948271159174958
8387 -4.948271159174958
8402 -4.948271159174958
8413 -4.948271159174958
8414 -4.948271159174958
8415 -4.948271159174958
8418 -4.948271159174958
8421 -4.948271159174958
8441 -4.948271159174958
8466 -4.948271159174958
8482 -4.948271159174958
8490 -4.948271159174958
8497 -4.948271159174958
8516 -4.948271159174958
8517 -4.948271159174958
8526 -4.948271159174958
8527 -4.948271159174958
8530 -4.948271159174958
8533 -4.948271159174958
8546 -4.948271159174958
8554 -4.948271159174958
8557 -4.948271159174958
8568 -4.948271159174958
8575 -4.948271159174958
8578 -4.948271159174958
8586 -4.948271159174958
8587 -4.948271159174958
8590 -4.948271159174958
8594 -4.948271159174958
8595 -4.948271159174958
8603 -4.948271159174958
8604 -4.948271159174958
8607 -4.948271159174958
8612 -4.948271159174958
8617 -4.948271159174958
8618 -4.948271159174958
8628 -4.948271159174958
8634 -4.948271159174958
8638 -4.948271159174958
8643 -4.948271159174958
8662 -4.948271159174958
8663 -4.948271159174958
8664 -4.948271159174958
8665 -4.948271159174958
8670 -4.948271159174958
8671 -4.948271159174958
8672 -4.948271159174958
8680 -4.948271159174958
8683 -4.948271159174958
8687 -4.948271159174958
8700 -4.948271159174958
8701 -4.948271159174958
8702 -4.948271159174958
8705 -4.948271159174958
8706 -4.948271159174958
8717 -4.948271159174958
8722 -4.948271159174958
8723 -4.948271159174958
8731 -4.948271159174958
8732 -4.948271159174958
8733 -4.948271159174958
8736 -4.948271159174958
8739 -4.948271159174958
8751 -4.948271159174958
8755 -4.948271159174958
8770 -4.948271159174958
8773 -4.948271159174958
8779 -4.948271159174958
8790 -4.948271159174958
8794 -4.948271159174958
8795 -4.948271159174958
8796 -4.948271159174958
8799 -4.948271159174958
8813 -4.948271159174958
8814 -4.948271159174958
8815 -4.948271159174958
8818 -4.948271159174958
8839 -4.948271159174958
8848 -4.948271159174958
8849 -4.948271159174958
8850 -4.948271159174958
8861 -4.948271159174958
8862 -4.948271159174958
8866 -4.948271159174958
8871 -4.948271159174958
8872 -4.948271159174958
8880 -4.948271159174958
8898 -4.948271159174958
8912 -4.948271159174958
8925 -4.948271159174958
8929 -4.948271159174958
8933 -4.948271159174958
8937 -4.948271159174958
8948 -4.948271159174958
8955 -4.948271159174958
8962 -4.948271159174958
8963 -4.948271159174958
8964 -4.948271159174958
8965 -4.948271159174958
8969 -4.948271159174958
8989 -4.948271159174958
8998 -4.948271159174958
9001 -4.948271159174958
9005 -4.948271159174958
9006 -4.948271159174958
9013 -4.948271159174958
9016 -4.948271159174958
9025 -4.948271159174958
9035 -4.948271159174958
9036 -4.948271159174958
9048 -4.948271159174958
9052 -4.948271159174958
9060 -4.948271159174958
9067 -4.948271159174958
9076 -4.948271159174958
9104 -4.948271159174958
9120 -4.948271159174958
9121 -4.948271159174958
9134 -4.948271159174958
9135 -4.948271159174958
9144 -4.948271159174958
9159 -4.948271159174958
9160 -4.948271159174958
9161 -4.948271159174958
9162 -4.948271159174958
9179 -4.948271159174958
9193 -4.948271159174958
9197 -4.948271159174958
9198 -4.948271159174958
9199 -4.948271159174958
9200 -4.948271159174958
9204 -4.948271159174958
9213 -4.948271159174958
9243 -4.958616927339966
9256 -4.958616927339966
9264 -4.966893541871973
9267 -4.966893541871973
9270 -4.966893541871973
9273 -4.966893541871973
9278 -4.966893541871973
9279 -4.966893541871973
9280 -4.966893541871973
9295 -4.966893541871973
9307 -4.966893541871973
9311 -4.966893541871973
9314 -4.966893541871973
9317 -4.966893541871973
9330 -4.966893541871973
9334 -4.966893541871973
9350 -4.966893541871973
9353 -4.966893541871973
9354 -4.966893541871973
9359 -4.966893541871973
9362 -4.966893541871973
9365 -4.966893541871973
9380 -4.966893541871973
9381 -4.966893541871973
9388 -4.966893541871973
9392 -4.966893541871973
9405 -4.966893541871973
9406 -4.966893541871973
9407 -4.966893541871973
9415 -4.966893541871973
9416 -4.966893541871973
9417 -4.966893541871973
9423 -4.966893541871973
9429 -4.966893541871973
9430 -4.966893541871973
9431 -4.966893541871973
9432 -4.966893541871973
9433 -4.966893541871973
9434 -4.966893541871973
9447 -4.966893541871973
9448 -4.966893541871973
9451 -4.966893541871973
9452 -4.966893541871973
9460 -4.966893541871973
9461 -4.966893541871973
9465 -4.966893541871973
9473 -4.966893541871973
9477 -4.966893541871973
9478 -4.966893541871973
9490 -4.966893541871973
9493 -4.966893541871973
9500 -4.966893541871973
9510 -4.966893541871973
9516 -4.966893541871973
9517 -4.966893541871973
9526 -4.966893541871973
9535 -4.966893541871973
9536 -4.966893541871973
9544 -4.966893541871973
9545 -4.966893541871973
9548 -4.966893541871973
9549 -4.966893541871973
9550 -4.966893541871973
9568 -4.966893541871973
9578 -4.966893541871973
9584 -4.966893541871973
9589 -4.966893541871973
9595 -4.966893541871973
9601 -4.966893541871973
9602 -4.966893541871973
9613 -4.966893541871973
9614 -4.966893541871973
9615 -4.966893541871973
9616 -4.966893541871973
9617 -4.966893541871973
9631 -4.966893541871973
9632 -4.966893541871973
9633 -4.966893541871973
9636 -4.966893541871973
9646 -4.966893541871973
9660 -4.966893541871973
9666 -4.966893541871973
9669 -4.966893541871973
9670 -4.966893541871973
9678 -4.966893541871973
9679 -4.966893541871973
9680 -4.966893541871973
9681 -4.966893541871973
9682 -4.966893541871973
9683 -4.966893541871973
9684 -4.966893541871973
9687 -4.966893541871973
9703 -4.966893541871973
9708 -4.966893541871973
9718 -4.966893541871973
9728 -4.966893541871973
9732 -4.966893541871973
9746 -4.966893541871973
9749 -4.966893541871973
9750 -4.966893541871973
9753 -4.966893541871973
9756 -4.966893541871973
9766 -4.966893541871973
9775 -4.966893541871973
9780 -4.966893541871973
9792 -4.966893541871973
9793 -4.966893541871973
9794 -4.966893541871973
9795 -4.966893541871973
9798 -4.966893541871973
9799 -4.966893541871973
9804 -4.966893541871973
9808 -4.966893541871973
9834 -4.966893541871973
9835 -4.966893541871973
9840 -4.966893541871973
9848 -4.966893541871973
9859 -4.966893541871973
9893 -4.973514833497578
9923 -4.973514833497578
9934 -4.973514833497578
9935 -4.973514833497578
9936 -4.973514833497578
9937 -4.973514833497578
9948 -4.973514833497578
9952 -4.973514833497578
9953 -4.973514833497578
9954 -4.973514833497578
9955 -4.973514833497578
9967 -4.973514833497578
9968 -4.973514833497578
9969 -4.973514833497578
9970 -4.973514833497578
9978 -4.973514833497578
10006 -4.973514833497578
10012 -4.973514833497578
10023 -4.973514833497578
10024 -4.973514833497578
10040 -4.973514833497578
10041 -4.973514833497578
10057 -4.973514833497578
10060 -4.973514833497578
10064 -4.973514833497578
10072 -4.973514833497578
10073 -4.973514833497578
10083 -4.973514833497578
10087 -4.973514833497578
10088 -4.973514833497578
10089 -4.973514833497578
10103 -4.973514833497578
10104 -4.973514833497578
10105 -4.973514833497578
10108 -4.973514833497578
10112 -4.973514833497578
10130 -4.973514833497578
10135 -4.973514833497578
10136 -4.973514833497578
10139 -4.973514833497578
10149 -4.973514833497578
10153 -4.973514833497578
10157 -4.973514833497578
10162 -4.973514833497578
10165 -4.973514833497578
10178 -4.973514833497578
10196 -4.973514833497578
10204 -4.973514833497578
10226 -4.973514833497578
10231 -4.973514833497578
10244 -4.973514833497578
10245 -4.973514833497578
10246 -4.973514833497578
10254 -4.973514833497578
10260 -4.973514833497578
10274 -4.973514833497578
10284 -4.973514833497578
10289 -4.973514833497578
10292 -4.973514833497578
10293 -4.973514833497578
10301 -4.973514833497578
10305 -4.973514833497578
10306 -4.973514833497578
10307 -4.973514833497578
10308 -4.973514833497578
10323 -4.973514833497578
10330 -4.978811866798063
10331 -4.978811866798063
10332 -4.978811866798063
10340 -4.978811866798063
10341 -4.978811866798063
10351 -4.978811866798063
10369 -4.978811866798063
10370 -4.978811866798063
10373 -4.978811866798063
10374 -4.978811866798063
10380 -4.978811866798063
10386 -4.978811866798063
10387 -4.978811866798063
10390 -4.978811866798063
10406 -4.978811866798063
10412 -4.978811866798063
10419 -4.978811866798063
10422 -4.978811866798063
10423 -4.978811866798063
10435 -4.978811866798063
10438 -4.978811866798063
10442 -4.978811866798063
10449 -4.978811866798063
10453 -4.978811866798063
10457 -4.978811866798063
10461 -4.978811866798063
10462 -4.978811866798063
10465 -4.978811866798063
10482 -4.978811866798063
10491 -4.978811866798063
10492 -4.978811866798063
10497 -4.978811866798063
10498 -4.978811866798063
10526 -4.978811866798063
10529 -4.978811866798063
10530 -4.978811866798063
10544 -4.978811866798063
10555 -4.978811866798063
10556 -4.978811866798063
10557 -4.978811866798063
10573 -4.978811866798063
10587 -4.978811866798063
10591 -4.978811866798063
10603 -4.978811866798063
10625 -4.978811866798063
10628 -4.978811866798063
10633 -4.978811866798063
10641 -4.978811866798063
10654 -4.978811866798063
10657 -4.978811866798063
10661 -4.978811866798063
10688 -4.978811866798063
10691 -4.978811866798063
10698 -4.978811866798063
10699 -4.978811866798063
10700 -4.978811866798063
10701 -4.978811866798063
10704 -4.978811866798063
10705 -4.978811866798063
10726 -4.978811866798063
10727 -4.978811866798063
10730 -4.978811866798063
10737 -4.978811866798063
10752 -4.978811866798063
10753 -4.978811866798063
10762 -4.978811866798063
10763 -4.978811866798063
10766 -4.978811866798063
10767 -4.978811866798063
10779 -4.978811866798063
10780 -4.978811866798063
10785 -4.978811866798063
10786 -4.978811866798063
10787 -4.978811866798063
10790 -4.978811866798063
10799 -4.978811866798063
10808 -4.978811866798063
10809 -4.978811866798063
10815 -4.978811866798063
10824 -4.978811866798063
10841 -4.978811866798063
10848 -4.978811866798063
10852 -4.978811866798063
10873 -4.978811866798063
10877 -4.978811866798063
10891 -4.978811866798063
10894 -4.978811866798063
10895 -4.978811866798063
10899 -4.978811866798063
10900 -4.978811866798063
10901 -4.978811866798063
10918 -4.978811866798063
10919 -4.978811866798063
10922 -4.978811866798063
10926 -4.978811866798063
10927 -4.978811866798063
10941 -4.978811866798063
10944 -4.978811866798063
10959 -4.978811866798063
10963 -4.978811866798063
10975 -4.978811866798063
10985 -4.978811866798063
10989 -4.978811866798063
11005 -4.978811866798063
11024 -4.978811866798063
11028 -4.978811866798063
11029 -4.978811866798063
11036 -4.978811866798063
11050 -4.978811866798063
11058 -4.978811866798063
11062 -4.978811866798063
11066 -4.978811866798063
11072 -4.978811866798063
11079 -4.978811866798063
11080 -4.978811866798063
11084 -4.978811866798063
11098 -4.978811866798063
11099 -4.978811866798063
11102 -4.978811866798063
11103 -4.978811866798063
11106 -4.978811866798063
11110 -4.978811866798063
11111 -4.978811866798063
11112 -4.978811866798063
11123 -4.978811866798063
11126 -4.978811866798063
11141 -4.978811866798063
11142 -4.978811866798063
11146 -4.978811866798063
11154 -4.978811866798063
11161 -4.978811866798063
11162 -4.978811866798063
11163 -4.978811866798063
11164 -4.978811866798063
11168 -4.978811866798063
11169 -4.978811866798063
11170 -4.978811866798063
11176 -4.978811866798063
11195 -4.978811866798063
11196 -4.978811866798063
11197 -4.978811866798063
11198 -4.978811866798063
11218 -4.978811866798063
11221 -4.978811866798063
11225 -4.978811866798063
11229 -4.978811866798063
11230 -4.978811866798063
11233 -4.978811866798063
11246 -4.978811866798063
11248 -4.978811866798063
11251 -4.978811866798063
11252 -4.978811866798063
11254 -4.978811866798063
11255 -4.978811866798063
11261 -4.978811866798063
11285 -4.978811866798063
11288 -4.978811866798063
11295 -4.978811866798063
11299 -4.978811866798063
11300 -4.978811866798063
11314 -4.978811866798063
11350 -4.978811866798063
11363 -4.978811866798063
11376 -4.978811866798063
11389 -4.978811866798063
11414 -4.978811866798063
11421 -4.978811866798063
11426 -4.978811866798063
11432 -4.978811866798063
11435 -4.978811866798063
11442 -4.978811866798063
11445 -4.978811866798063
11460 -4.978811866798063
11467 -4.978811866798063
11474 -4.978811866798063
11475 -4.978811866798063
11478 -4.978811866798063
11493 -4.978811866798063
11509 -4.978811866798063
11512 -4.978811866798063
11513 -4.978811866798063
11521 -4.978811866798063
11539 -4.978811866798063
11542 -4.978811866798063
11552 -4.978811866798063
11574 -4.978811866798063
11575 -4.978811866798063
11579 -4.978811866798063
11598 -4.978811866798063
11603 -4.978811866798063
11604 -4.978811866798063
11605 -4.978811866798063
11606 -4.978811866798063
11607 -4.978811866798063
11608 -4.978811866798063
11632 -4.978811866798063
11635 -4.978811866798063
11641 -4.978811866798063
11649 -4.978811866798063
11652 -4.978811866798063
11655 -4.978811866798063
11663 -4.978811866798063
11671 -4.978811866798063
11693 -4.978811866798063
11702 -4.978811866798063
11703 -4.978811866798063
11704 -4.978811866798063
11705 -4.978811866798063
11706 -4.978811866798063
11714 -4.978811866798063
11740 -4.978811866798063
11741 -4.978811866798063
11742 -4.978811866798063
11746 -4.978811866798063
11747 -4.978811866798063
11750 -4.978811866798063
11753 -4.978811866798063
11754 -4.978811866798063
11761 -4.978811866798063
11765 -4.978811866798063
11777 -4.978811866798063
11793 -4.978811866798063
11807 -4.978811866798063
11810 -4.978811866798063
11821 -4.978811866798063
11826 -4.978811866798063
11827 -4.978811866798063
11840 -4.978811866798063
11847 -4.978811866798063
11848 -4.978811866798063
11853 -4.978811866798063
11868 -4.978811866798063
11869 -4.978811866798063
11880 -4.978811866798063
11881 -4.978811866798063
11884 -4.978811866798063
11900 -4.98304949343845
11901 -4.98304949343845
11902 -4.98304949343845
11903 -4.98304949343845
11906 -4.98304949343845
11909 -4.98304949343845
11913 -4.98304949343845
11914 -4.98304949343845
11915 -4.98304949343845
11932 -4.98304949343845
11933 -4.98304949343845
11934 -4.98304949343845
11935 -4.98304949343845
11936 -4.98304949343845
11951 -4.98304949343845
11952 -4.98304949343845
11959 -4.98304949343845
11969 -4.98304949343845
11970 -4.98304949343845
11973 -4.98304949343845
11992 -4.98304949343845
11999 -4.98304949343845
12000 -4.98304949343845
12003 -4.98304949343845
12007 -4.98304949343845
12008 -4.98304949343845
12020 -4.98304949343845
12021 -4.98304949343845
12024 -4.98304949343845
12030 -4.98304949343845
12033 -4.98304949343845
12034 -4.98304949343845
12035 -4.98304949343845
12038 -4.98304949343845
12039 -4.98304949343845
12043 -4.98304949343845
12046 -4.98304949343845
12047 -4.98304949343845
12067 -4.98304949343845
12090 -4.98304949343845
12093 -4.98304949343845
12094 -4.98304949343845
12099 -4.98304949343845
12123 -4.98304949343845
12124 -4.98304949343845
12128 -4.98304949343845
12133 -4.98304949343845
12143 -4.98304949343845
12166 -4.98304949343845
12180 -4.98304949343845
12189 -4.98304949343845
12192 -4.98304949343845
12197 -4.98304949343845
12198 -4.98304949343845
12211 -4.98304949343845
12217 -4.98304949343845
12221 -4.98304949343845
12222 -4.98304949343845
12226 -4.98304949343845
12229 -4.98304949343845
12230 -4.98304949343845
12234 -4.98304949343845
12235 -4.98304949343845
12239 -4.98304949343845
12240 -4.98304949343845
12250 -4.98304949343845
12267 -4.98304949343845
12271 -4.98304949343845
12274 -4.98304949343845
12284 -4.98304949343845
12287 -4.98304949343845
12298 -4.98304949343845
12311 -4.98304949343845
12312 -4.98304949343845
12313 -4.98304949343845
12327 -4.98304949343845
12330 -4.98304949343845
12347 -4.98304949343845
12351 -4.98304949343845
12360 -4.98304949343845
12361 -4.98304949343845
12362 -4.98304949343845
12365 -4.98304949343845
12369 -4.98304949343845
12370 -4.98304949343845
12374 -4.98304949343845
12380 -4.98304949343845
12388 -4.98304949343845
12395 -4.98304949343845
12396 -4.98304949343845
12397 -4.98304949343845
12398 -4.98304949343845
12412 -4.98304949343845
12413 -4.98304949343845
12414 -4.98304949343845
12421 -4.98304949343845
12433 -4.98304949343845
12437 -4.98304949343845
12438 -4.98304949343845
12447 -4.98304949343845
12451 -4.98304949343845
12452 -4.98304949343845
12453 -4.98304949343845
12468 -4.98304949343845
12481 -4.98304949343845
12482 -4.98304949343845
12483 -4.98304949343845
12484 -4.98304949343845
12485 -4.98304949343845
12498 -4.98304949343845
12499 -4.98304949343845
12502 -4.98304949343845
12503 -4.98304949343845
12506 -4.98304949343845
12516 -4.98304949343845
12520 -4.98304949343845
12521 -4.98304949343845
12524 -4.98304949343845
12531 -4.98304949343845
12536 -4.98304949343845
12539 -4.98304949343845
12547 -4.98304949343845
12548 -4.98304949343845
12551 -4.98304949343845
12552 -4.98304949343845
12553 -4.98304949343845
12568 -4.98304949343845
12569 -4.98304949343845
12572 -4.98304949343845
12576 -4.98304949343845
12593 -4.98304949343845
12594 -4.98304949343845
12611 -4.98304949343845
12622 -4.98304949343845
12642 -4.98304949343845
12653 -4.98304949343845
12666 -4.98304949343845
12673 -4.98304949343845
12679 -4.98304949343845
12685 -4.98304949343845
12697 -4.98304949343845
12703 -4.98304949343845
12708 -4.98304949343845
12712 -4.98304949343845
12713 -4.98304949343845
12718 -4.98304949343845
12719 -4.98304949343845
12734 -4.98304949343845
12735 -4.98304949343845
12736 -4.98304949343845
12737 -4.98304949343845
12738 -4.98304949343845
12739 -4.98304949343845
12751 -4.98304949343845
12752 -4.98304949343845
12753 -4.98304949343845
12760 -4.98304949343845
12761 -4.98304949343845
12762 -4.98304949343845
12763 -4.98304949343845
12764 -4.98304949343845
12765 -4.98304949343845
12768 -4.98304949343845
12775 -4.98304949343845
12776 -4.98304949343845
12777 -4.98304949343845
12780 -4.98304949343845
12789 -4.98304949343845
12790 -4.98304949343845
12793 -4.98304949343845
12794 -4.98304949343845
12822 -4.98304949343845
12823 -4.98304949343845
12824 -4.98304949343845
12829 -4.98304949343845
12839 -4.98304949343845
12861 -4.98304949343845
12864 -4.98304949343845
12865 -4.98304949343845
12884 -4.98304949343845
12885 -4.98304949343845
12907 -4.98304949343845
12919 -4.98304949343845
12923 -4.98304949343845
12924 -4.98304949343845
12929 -4.98304949343845
12930 -4.98304949343845
12931 -4.98304949343845
12937 -4.98304949343845
12938 -4.98304949343845
12942 -4.98304949343845
12943 -4.98304949343845
12944 -4.98304949343845
12945 -4.98304949343845
12965 -4.98304949343845
12966 -4.98304949343845
12973 -4.98304949343845
12976 -4.98304949343845
12977 -4.98304949343845
12978 -4.98304949343845
13015 -4.98304949343845
13019 -4.98304949343845
13024 -4.98304949343845
13029 -4.98304949343845
13038 -4.98304949343845
13041 -4.98304949343845
13047 -4.98304949343845
13070 -4.98304949343845
13074 -4.98304949343845
13088 -4.98304949343845
13095 -4.98304949343845
13110 -4.98304949343845
13111 -4.98304949343845
13112 -4.98304949343845
13132 -4.98304949343845
13133 -4.98304949343845
13136 -4.98304949343845
13139 -4.98304949343845
13151 -4.98304949343845
13152 -4.98304949343845
13155 -4.98304949343845
13156 -4.98304949343845
13168 -4.98304949343845
13172 -4.98304949343845
13184 -4.98304949343845
13187 -4.98304949343845
13200 -4.98304949343845
13201 -4.98304949343845
13204 -4.98304949343845
13222 -4.98304949343845
13223 -4.98304949343845
13231 -4.98304949343845
13232 -4.98304949343845
13236 -4.98304949343845
13244 -4.98304949343845
13245 -4.98304949343845
13249 -4.98304949343845
13277 -4.98304949343845
13283 -4.98304949343845
13290 -4.98304949343845
13291 -4.98304949343845
13306 -4.98304949343845
13312 -4.98304949343845
13316 -4.98304949343845
13317 -4.98304949343845
13318 -4.98304949343845
13326 -4.98304949343845
13327 -4.98304949343845
13330 -4.98304949343845
13331 -4.98304949343845
13332 -4.98304949343845
13348 -4.98304949343845
13352 -4.98304949343845
13359 -4.98304949343845
13365 -4.98304949343845
13372 -4.98304949343845
13388 -4.98304949343845
13389 -4.98304949343845
13398 -4.98304949343845
13402 -4.98304949343845
13407 -4.98304949343845
13416 -4.98304949343845
13421 -4.98304949343845
13422 -4.98304949343845
13435 -4.98304949343845
13446 -4.98304949343845
13449 -4.98304949343845
13450 -4.98304949343845
13457 -4.98304949343845
13458 -4.98304949343845
13464 -4.98304949343845
13471 -4.98304949343845
13481 -4.98304949343845
13482 -4.98304949343845
13485 -4.98304949343845
13497 -4.98304949343845
13503 -4.98304949343845
13507 -4.98304949343845
13511 -4.98304949343845
13519 -4.98304949343845
13525 -4.98304949343845
13551 -4.98304949343845
13552 -4.98304949343845
13555 -4.98304949343845
13566 -4.98304949343845
13569 -4.98304949343845
13572 -4.98304949343845
13578 -4.98304949343845
13579 -4.98304949343845
13582 -4.98304949343845
13583 -4.98304949343845
13598 -4.98304949343845
13602 -4.98304949343845
13605 -4.98304949343845
13613 -4.98304949343845
13616 -4.98304949343845
13617 -4.98304949343845
13632 -4.98304949343845
13635 -4.98304949343845
13636 -4.98304949343845
13637 -4.98304949343845
13663 -4.98304949343845
13672 -4.98304949343845
13683 -4.98304949343845
13686 -4.98304949343845
13704 -4.98304949343845
13709 -4.98304949343845
13716 -4.98304949343845
13717 -4.98304949343845
13727 -4.98304949343845
13728 -4.98304949343845
13729 -4.98304949343845
13730 -4.98304949343845
13731 -4.98304949343845
13750 -4.98304949343845
13751 -4.98304949343845
13752 -4.98304949343845
13753 -4.98304949343845
13777 -4.98304949343845
13783 -4.98304949343845
13787 -4.98304949343845
13791 -4.98304949343845
13792 -4.98304949343845
13796 -4.98304949343845
13808 -4.98304949343845
13823 -4.98304949343845
13834 -4.98304949343845
13837 -4.98304949343845
13841 -4.98304949343845
13846 -4.98304949343845
13847 -4.98304949343845
13850 -4.98304949343845
13861 -4.98304949343845
13869 -4.98304949343845
13870 -4.98304949343845
13875 -4.98304949343845
13876 -4.98304949343845
13877 -4.98304949343845
13878 -4.98304949343845
13887 -4.98304949343845
13891 -4.98304949343845
13892 -4.98304949343845
13910 -4.98304949343845
13943 -4.98304949343845
13947 -4.98304949343845
13948 -4.98304949343845
13958 -4.98304949343845
13959 -4.98304949343845
13966 -4.98304949343845
13967 -4.98304949343845
13979 -4.98304949343845
13984 -4.98304949343845
13992 -4.98304949343845
14007 -4.98304949343845
14008 -4.98304949343845
14024 -4.98304949343845
14029 -4.98304949343845
14030 -4.98304949343845
14044 -4.98304949343845
14048 -4.98304949343845
14053 -4.98304949343845
14072 -4.98304949343845
14078 -4.98304949343845
14079 -4.98304949343845
14097 -4.98304949343845
14098 -4.98304949343845
14101 -4.98304949343845
14107 -4.98304949343845
14111 -4.98304949343845
14120 -4.98304949343845
14121 -4.98304949343845
14124 -4.98304949343845
14137 -4.98304949343845
14138 -4.98304949343845
14156 -4.98304949343845
14165 -4.98304949343845
14166 -4.98304949343845
14167 -4.98304949343845
14170 -4.98304949343845
14175 -4.98304949343845
14178 -4.98304949343845
14189 -4.98304949343845
14198 -4.98304949343845
14205 -4.98304949343845
14206 -4.98304949343845
14211 -4.98304949343845
14214 -4.98304949343845
14231 -4.98304949343845
14234 -4.98304949343845
14256 -4.98304949343845
14257 -4.98304949343845
14258 -4.98304949343845
14259 -4.98304949343845
14260 -4.98304949343845
14278 -4.98304949343845
14289 -4.98304949343845
14292 -4.98304949343845
14303 -4.98304949343845
14314 -4.98304949343845
14320 -4.98304949343845
14321 -4.98304949343845
14330 -4.98304949343845
14334 -4.98304949343845
14341 -4.98304949343845
14344 -4.98304949343845
14345 -4.98304949343845
14354 -4.98304949343845
14359 -4.98304949343845
14363 -4.98304949343845
14364 -4.98304949343845
14382 -4.98304949343845
14391 -4.98304949343845
14399 -4.98304949343845
14403 -4.98304949343845
14414 -4.98304949343845
14415 -4.98304949343845
14416 -4.98304949343845
14417 -4.98304949343845
14430 -4.98304949343845
14431 -4.98304949343845
14432 -4.98304949343845
14433 -4.98304949343845
14447 -4.98304949343845
14457 -4.98304949343845
14464 -4.98304949343845
14472 -4.98304949343845
14492 -4.98304949343845
14493 -4.98304949343845
14494 -4.98304949343845
14501 -4.98304949343845
14506 -4.98304949343845
14509 -4.98304949343845
14514 -4.98304949343845
14519 -4.98304949343845
14523 -4.98304949343845
14534 -4.98304949343845
14535 -4.98304949343845
14538 -4.98304949343845
14539 -4.98304949343845
14551 -4.98304949343845
14558 -4.98304949343845
14559 -4.98304949343845
14564 -4.98304949343845
14569 -4.98304949343845
14576 -4.98304949343845
14580 -4.98304949343845
14593 -4.98304949343845
14594 -4.98304949343845
14597 -4.98304949343845
14598 -4.98304949343845
14599 -4.98304949343845
14614 -4.98304949343845
14619 -4.98304949343845
14620 -4.98304949343845
14621 -4.98304949343845
14625 -4.98304949343845
14641 -4.98304949343845
14642 -4.98304949343845
14643 -4.98304949343845
14644 -4.98304949343845
14649 -4.98304949343845
14655 -4.98304949343845
14670 -4.98304949343845
14677 -4.98304949343845
14681 -4.98304949343845
14687 -4.98304949343845
14707 -4.98304949343845
14708 -4.98304949343845
14713 -4.98304949343845
14714 -4.98304949343845
14718 -4.98304949343845
14730 -4.98304949343845
14738 -4.98304949343845
14747 -4.98304949343845
14755 -4.98304949343845
14764 -4.98304949343845
14770 -4.98304949343845
14771 -4.98304949343845
14772 -4.98304949343845
14780 -4.98304949343845
14784 -4.98304949343845
14791 -4.98304949343845
14799 -4.98304949343845
14800 -4.98304949343845
14801 -4.98304949343845
14805 -4.98304949343845
14808 -4.98304949343845
14811 -4.98304949343845
14818 -4.98304949343845
14821 -4.98304949343845
14830 -4.98304949343845
14833 -4.98304949343845
14834 -4.98304949343845
14840 -4.98304949343845
14841 -4.98304949343845
14844 -4.98304949343845
14847 -4.98304949343845
14848 -4.98304949343845
14857 -4.98304949343845
14862 -4.98304949343845
14871 -4.98304949343845
14875 -4.98304949343845
14876 -4.98304949343845
14880 -4.98304949343845
14889 -4.98304949343845
14892 -4.98304949343845
14900 -4.98304949343845
14909 -4.98304949343845
14910 -4.98304949343845
14911 -4.98304949343845
14912 -4.98304949343845
14921 -4.98304949343845
14939 -4.98304949343845
14940 -4.98304949343845
14944 -4.98304949343845
14947 -4.98304949343845
14950 -4.98304949343845
14959 -4.98304949343845
14960 -4.98304949343845
14965 -4.98304949343845
14966 -4.98304949343845
14967 -4.98304949343845
14983 -4.98304949343845
14984 -4.98304949343845
14985 -4.98304949343845
14988 -4.98304949343845
14995 -4.98304949343845
15007 -4.98304949343845
15011 -4.98304949343845
15015 -4.98304949343845
15025 -4.98304949343845
15026 -4.98304949343845
15037 -4.98304949343845
15038 -4.98304949343845
15042 -4.98304949343845
15065 -4.98304949343845
15068 -4.98304949343845
15082 -4.98304949343845
15085 -4.98304949343845
15086 -4.98304949343845
15095 -4.98304949343845
15096 -4.98304949343845
15099 -4.98304949343845
15102 -4.98304949343845
15119 -4.98304949343845
15120 -4.98304949343845
15125 -4.98304949343845
15150 -4.98304949343845
15151 -4.98304949343845
15166 -4.98304949343845
15178 -4.98304949343845
15181 -4.98304949343845
15191 -4.98304949343845
15195 -4.98304949343845
15204 -4.98304949343845
15205 -4.98304949343845
15217 -4.98304949343845
15222 -4.98304949343845
15229 -4.98304949343845
15234 -4.98304949343845
15235 -4.98304949343845
15245 -4.98304949343845
15246 -4.98304949343845
15247 -4.98304949343845
15262 -4.98304949343845
15263 -4.98304949343845
15266 -4.98304949343845
15274 -4.98304949343845
15275 -4.98304949343845
15276 -4.98304949343845
15281 -4.98304949343845
15285 -4.98304949343845
15297 -4.98304949343845
15298 -4.98304949343845
15299 -4.98304949343845
15300 -4.98304949343845
15301 -4.98304949343845
15302 -4.98304949343845
15305 -4.98304949343845
15306 -4.98304949343845
15307 -4.98304949343845
15321 -4.98304949343845
15322 -4.98304949343845
15328 -4.98304949343845
15352 -4.98304949343845
15353 -4.98304949343845
15354 -4.98304949343845
15362 -4.98304949343845
15366 -4.98304949343845
15384 -4.98304949343845
15389 -4.98304949343845
15390 -4.98304949343845
15394 -4.98304949343845
15397 -4.98304949343845
15398 -4.98304949343845
15399 -4.98304949343845
15400 -4.98304949343845
15401 -4.98304949343845
15414 -4.98304949343845
15415 -4.98304949343845
15418 -4.98304949343845
15444 -4.98304949343845
15447 -4.98304949343845
15448 -4.98304949343845
15449 -4.98304949343845
15455 -4.98304949343845
15468 -4.98304949343845
15469 -4.98304949343845
15477 -4.98304949343845
15480 -4.98304949343845
15483 -4.98304949343845
15487 -4.98304949343845
15488 -4.98304949343845
15489 -4.98304949343845
15505 -4.98304949343845
15527 -4.98304949343845
15557 -4.98304949343845
15569 -4.98304949343845
15574 -4.98304949343845
15575 -4.98304949343845
15576 -4.98304949343845
15583 -4.98304949343845
15584 -4.98304949343845
15585 -4.98304949343845
15586 -4.98304949343845
15587 -4.98304949343845
15590 -4.98304949343845
15611 -4.98304949343845
15615 -4.98304949343845
15618 -4.98304949343845
15619 -4.98304949343845
15634 -4.98304949343845
15637 -4.98304949343845
15648 -4.98304949343845
15656 -4.98304949343845
15667 -4.98304949343845
15670 -4.98304949343845
15671 -4.98304949343845
15690 -4.98304949343845
15695 -4.98304949343845
15709 -4.98304949343845
15710 -4.98304949343845
15727 -4.98304949343845
15733 -4.98304949343845
15746 -4.98304949343845
15747 -4.98304949343845
15748 -4.98304949343845
15760 -4.98304949343845
15765 -4.98304949343845
15776 -4.98304949343845
15783 -4.98304949343845
15820 -4.98304949343845
15826 -4.98304949343845
15839 -4.98304949343845
15851 -4.98304949343845
15852 -4.98304949343845
15853 -4.98304949343845
15854 -4.98304949343845
15855 -4.98304949343845
15869 -4.98304949343845
15870 -4.98304949343845
15878 -4.98304949343845
15879 -4.98304949343845
15887 -4.98304949343845
15890 -4.98304949343845
15906 -4.98304949343845
15913 -4.98304949343845
15914 -4.98304949343845
15917 -4.98304949343845
15931 -4.98304949343845
15938 -4.98304949343845
15942 -4.98304949343845
15943 -4.98304949343845
15950 -4.98304949343845
15951 -4.98304949343845
15952 -4.98304949343845
15953 -4.98304949343845
15968 -4.98304949343845
15978 -4.98304949343845
16019 -4.98304949343845
16020 -4.98304949343845
16021 -4.98304949343845
16022 -4.98304949343845
16030 -4.98304949343845
16034 -4.98304949343845
16035 -4.98304949343845
16044 -4.98304949343845
16049 -4.98304949343845
16053 -4.98304949343845
16059 -4.98304949343845
16060 -4.98304949343845
16073 -4.98304949343845
16074 -4.98304949343845
16084 -4.98304949343845
16088 -4.98304949343845
16111 -4.98304949343845
16120 -4.98304949343845
16123 -4.98304949343845
16132 -4.98304949343845
16135 -4.98304949343845
16139 -4.98304949343845
16143 -4.98304949343845
16147 -4.98304949343845
16164 -4.98304949343845
16165 -4.98304949343845
16176 -4.98304949343845
16179 -4.98304949343845
16183 -4.98304949343845
16193 -4.98304949343845
16206 -4.98304949343845
16216 -4.98304949343845
16222 -4.98304949343845
16225 -4.98304949343845
16229 -4.98304949343845
16235 -4.98304949343845
16242 -4.98304949343845
16245 -4.98304949343845
16249 -4.98304949343845
16252 -4.98304949343845
16256 -4.98304949343845
16279 -4.98304949343845
16280 -4.98304949343845
16286 -4.98304949343845
16287 -4.98304949343845
16293 -4.98304949343845
16298 -4.98304949343845
16301 -4.98304949343845
16302 -4.98304949343845
16308 -4.98304949343845
16318 -4.98304949343845
16327 -4.98304949343845
16328 -4.98304949343845
16333 -4.98304949343845
16334 -4.98304949343845
16335 -4.98304949343845
16342 -4.98304949343845
16352 -4.98304949343845
16363 -4.98304949343845
16371 -4.98304949343845
16377 -4.98304949343845
16383 -4.98304949343845
16387 -4.98304949343845
16394 -4.98304949343845
16400 -4.98304949343845
16401 -4.98304949343845
16416 -4.98304949343845
16417 -4.98304949343845
16418 -4.98304949343845
16428 -4.98304949343845
16429 -4.98304949343845
16432 -4.98304949343845
16444 -4.98304949343845
16449 -4.98304949343845
16450 -4.98304949343845
16453 -4.98304949343845
16475 -4.98304949343845
16480 -4.98304949343845
16499 -4.98304949343845
16514 -4.98304949343845
16517 -4.98304949343845
16523 -4.98304949343845
16539 -4.98304949343845
16540 -4.98304949343845
16550 -4.98304949343845
16551 -4.98304949343845
16555 -4.98304949343845
16556 -4.98304949343845
16557 -4.98304949343845
16568 -4.98304949343845
16569 -4.98304949343845
16570 -4.98304949343845
16571 -4.98304949343845
16583 -4.98304949343845
16596 -4.98304949343845
16616 -4.98304949343845
16625 -4.98304949343845
16628 -4.98304949343845
16636 -4.98304949343845
16642 -4.98304949343845
16643 -4.98304949343845
16657 -4.98304949343845
16661 -4.98304949343845
16662 -4.98304949343845
16679 -4.98304949343845
16682 -4.98304949343845
16686 -4.98304949343845
16687 -4.98304949343845
16702 -4.98304949343845
16707 -4.98304949343845
16715 -4.98304949343845
16718 -4.98304949343845
16727 -4.98304949343845
16733 -4.98304949343845
16734 -4.98304949343845
16745 -4.98304949343845
16746 -4.98304949343845
16759 -4.98304949343845
16760 -4.98304949343845
16761 -4.98304949343845
16762 -4.98304949343845
16778 -4.98304949343845
16782 -4.98304949343845
16793 -4.98304949343845
16794 -4.98304949343845
16802 -4.98304949343845
16811 -4.98304949343845
16817 -4.98304949343845
16838 -4.98304949343845
16844 -4.98304949343845
16847 -4.98304949343845
16848 -4.98304949343845
16855 -4.98304949343845
16867 -4.98304949343845
16875 -4.98304949343845
16876 -4.98304949343845
16877 -4.98304949343845
16878 -4.98304949343845
16886 -4.98304949343845
16887 -4.98304949343845
16891 -4.98304949343845
16895 -4.98304949343845
16898 -4.98304949343845
16911 -4.98304949343845
16912 -4.98304949343845
16939 -4.98304949343845
16945 -4.98304949343845
16949 -4.98304949343845
16953 -4.98304949343845
16954 -4.98304949343845
16955 -4.98304949343845
16956 -4.98304949343845
16972 -4.98304949343845
16973 -4.98304949343845
16976 -4.98304949343845
16987 -4.98304949343845
16990 -4.98304949343845
16991 -4.98304949343845
16992 -4.98304949343845
17007 -4.98304949343845
17008 -4.98304949343845
17009 -4.98304949343845
17014 -4.98304949343845
17031 -4.98304949343845
17044 -4.98304949343845
17054 -4.98304949343845
17059 -4.98304949343845
17060 -4.98304949343845
17063 -4.98304949343845
17067 -4.98304949343845
17071 -4.98304949343845
17076 -4.98304949343845
17086 -4.98304949343845
17101 -4.98304949343845
17102 -4.98304949343845
17105 -4.98304949343845
17124 -4.98304949343845
17127 -4.98304949343845
17158 -4.98304949343845
17165 -4.98304949343845
17172 -4.98304949343845
17186 -4.98304949343845
17197 -4.98304949343845
17202 -4.98304949343845
17203 -4.98304949343845
17204 -4.98304949343845
17211 -4.98304949343845
17212 -4.98304949343845
17213 -4.98304949343845
17214 -4.98304949343845
17215 -4.98304949343845
17216 -4.98304949343845
17222 -4.98304949343845
17223 -4.98304949343845
17246 -4.98304949343845
17251 -4.98304949343845
17252 -4.98304949343845
17256 -4.98304949343845
17260 -4.98304949343845
17264 -4.98304949343845
17268 -4.98304949343845
17269 -4.98304949343845
17270 -4.98304949343845
17274 -4.98304949343845
17296 -4.98304949343845
17297 -4.98304949343845
17298 -4.98304949343845
17299 -4.98304949343845
17300 -4.98304949343845
17315 -4.98304949343845
17327 -4.98304949343845
17331 -4.98304949343845
17332 -4.98304949343845
17339 -4.98304949343845
17342 -4.98304949343845
17351 -4.98304949343845
17352 -4.98304949343845
17355 -4.98304949343845
17356 -4.98304949343845
17375 -4.98304949343845
17376 -4.98304949343845
17382 -4.98304949343845
17394 -4.98304949343845
17411 -4.98304949343845
17415 -4.98304949343845
17428 -4.98304949343845
17434 -4.98304949343845
17461 -4.98304949343845
17464 -4.98304949343845
17468 -4.98304949343845
17472 -4.98304949343845
17491 -4.98304949343845
17492 -4.98304949343845
17493 -4.98304949343845
17496 -4.98304949343845
17500 -4.98304949343845
17503 -4.98304949343845
17514 -4.98304949343845
17519 -4.98304949343845
17520 -4.98304949343845
17523 -4.983049493