305 1.7227608883200007
394 2.2672428598558727
416 1.4510354303077586
468 2.2431552898032465
469 1.7945242318425974
470 1.435619385474078
502 1.9484955083792626
641 2.8157630081857175
773 2.8816706601910873
806 2.644269222522296
832 1.883092673545133
840 2.3064741388361067
856 2.6451793110688855
934 1.8663318072672697
1038 1.9944523566510526
1044 1.2764495082566738
1058 1.021159606605339
1063 0.6535421482274171
1070 0.5228337185819337
1090 0.418266974865547
1093 0.3346135798924376
1177 0.2676908639139501
1193 0.2141526911311601
1245 0.17132215290492808
1252 0.10964617785915398
1284 0.8877169422873232
1333 1.5101735538298586
1355 2.008138843063887
1363 1.6065110744511095
1381 2.085208859560888
1399 2.7745336701189687
1461 1.77570154887614
1480 2.2205612391009124
1495 1.77644899128073
1524 2.5769273544196674
1527 2.061541883535734
1597 2.2128060443969897
1610 2.5702448355175918
1615 2.8561958684140736
1723 3.084956694731259
1724 2.4679653557850076
1743 2.774372284628006
1755 2.219497827702405
1771 2.8604786097295394
1774 3.0883828877836317
1775 2.4707063102269053
1776 1.9765650481815245
1777 1.5812520385452196
1859 0.8096010437351526
1862 0.6476808349881221
1875 1.3181446679904978
1974 2.283612587513919
1993 2.626890070011135
2001 2.1015120560089082
2012 1.6812096448071268
2046 2.1449677158457012
2047 1.7159741726765612
2160 2.172779338141249
2161 1.7382234705129993
2244 2.55246302112832
2275 2.8419704169026563
2288 3.0735763335221256
2302 3.2588610668177003
2307 3.4070888534541606
2380 2.980536866210663
2427 3.1844294929685306
2439 3.4780348754998602
2440 3.582427900399888
2443 3.6659423203199104
2447 3.732753856255928
2476 3.8289624680037937
2506 3.063169974403035
2567 3.5203430268943547
2601 3.6162744215154836
2660 3.693019537212387
2667 3.75441562976991
2679 3.8035325038159282
2683 3.8428260030527426
2725 3.874260802442194
2803 3.935621530850404
2841 3.948497224680323
2884 3.1587977797442583
2904 3.327038223795407
2913 3.461630579036326
2992 3.569304463229061
2998 3.655443570583249
3049 3.7243548564666
3056 2.97948388517328
3060 3.1835871081386244
3061 2.5468696865108997
3120 3.069996599366976
3148 3.255997279493581
3159 3.4047978235948646
3160 3.523838258875892
3165 3.6190706071007135
3183 3.695256485680571
3192 3.756205188544457
3201 3.8049641508355654
3261 3.8439713206684525
3264 3.8751770565347625
3273 3.9001416452278104
3313 3.920113316182248
3322 3.936090652945799
3341 3.9488725223566394
3353 3.959098017885312
3370 3.97905818515728
3371 3.983246548125824
3477 3.98659723850066
3536 3.9914222326404225
3561 3.993137786112338
3673 3.9945102288898706
3685 3.995608183111897
3690 3.9964865464895176
3718 3.9971892371916145
3722 3.997751389753292
3773 3.998848711553686
3778 3.999078969242949
3779 3.9992631753943595
3795 3.1994105403154878
3811 3.3595284322523904
3818 3.4876227458019127
3827 3.59009819664153
3839 3.672078557313224
3848 3.737662845850579
3861 3.790130276680464
3975 3.8321042213443715
4006 3.8656833770754977
4010 3.8925467016603985
4018 3.914037361328319
4022 3.9312298890626556
4060 3.944983911250125
4064 3.96478970320008
4067 3.971831762560064
4068 3.977465410048051
4088 3.9819723280384407
4092 3.9855778624307527
4095 3.9884622899446027
4096 3.9907698319556824
4127 3.992615865564546
4135 3.9940926924516367
4178 3.9952741539613097
4196 3.996219323169048
4200 3.996975458535238
4278 3.997580366828191
4289 3.998064293462553
4311 3.9984514347700424
4315 3.1987611478160343
4329 3.3590089182528278
4349 3.4872071346022624
4369 3.671812566145448
4381 2.9374500529163585
4385 3.1499600423330874
4390 3.31996803386647
4394 3.4559744270931763
4400 2.764779541674541
4436 3.011823633339633
4449 3.2094589066717063
4450 3.3675671253373656
4466 3.494053700269893
4469 2.7952429602159143
4473 3.0361943681727315
4489 3.2289554945381855
4501 3.3831643956305486
4552 3.506531516504439
4558 3.6052252132035516
4559 3.6841801705628416
4577 3.7978753091602186
4586 3.838300247328175
4590 3.8706401978625404
4655 3.896512158290032
4671 3.9172097266320263
4699 3.9337677813056215
4718 3.947014225044497
4723 3.9576113800355976
4727 3.9660891040284785
4753 3.9728712832227826
4756 3.9782970265782263
4760 3.9826376212625814
4767 3.986110097010065
4768 3.9888880776080518
4794 3.991110462086442
4818 3.9928883696691537
4829 3.994310695735323
4848 3.9954485565882587
4857 3.996358845270607
4893 3.997087076216486
4913 3.997669660973189
4970 3.9981357287785517
4974 3.9985085830228417
4975 3.998806866418273
5019 3.999045493134619
5050 3.9992363945076956
5054 3.9993891156061565
5057 3.999511292484925
5072 3.99960903398794
5100 3.9996872271903525
5101 3.199749781752282
5171 3.3597998254018258
5182 3.4878398603214604
5197 3.5902718882571687
5201 3.6722175106057353
5240 3.737774008484588
5257 3.790219206787671
5261 3.832175365430137
5266 3.8657402923441095
5296 3.8925922338752876
5319 3.9140737871002305
5340 3.9312590296801844
5343 3.945007223744148
5383 3.9560057789953182
5455 3.9648046231962546
5485 3.971843698557004
5492 3.9774749588456038
5493 3.981979967076483
5508 3.9855839736611864
5509 3.988467178928949
5513 3.9907737431431594
5548 3.992618994514528
5551 3.9940951956116226
5615 3.9952761564892985
5620 3.996220925191439
5624 3.9969767401531513
5642 3.9975813921225214
5646 3.9980651136980176
5650 3.9984520909584145
5676 3.998761672766732
5706 3.9990093382133862
5741 3.999207470570709
5747 3.999365976456567
5764 3.9994927811652543
5771 3.9995942249322036
5778 3.9996753799457627
5782 3.99974030395661
5786 3.999792243165288
5791 3.999833794532231
5827 3.999867035625785
5836 3.9998936285006286
5840 3.999914902800503
5861 3.9999319222404024
5889 3.999945537792322
5901 3.9999564302338575
5905 3.999965144187086
5946 3.999972115349669
5976 3.999977692279735
5979 3.9999821538237885
5982 3.999985723059031
6020 3.199988578447225
6026 3.3599908627577806
6027 3.487992690206225
6045 3.59039415216498
6056 3.6723153217319844
6150 3.7378522573855877
6197 3.79028180590847
6207 3.8322254447267765
6211 3.865780355781421
6212 3.092624284625137
6218 3.2740994277001096
6260 3.419279542160088
6308 3.5354236337280707
6309 3.6283389069824565
6315 3.7621369004687724
6317 3.009709520375018
6326 3.207767616300015
6401 3.4929712744320103
6414 3.5943770195456084
6440 3.6755016156364873
6460 3.7404012925091896
6489 3.792321034007352
6511 3.8338568272058815
6526 3.867085461764705
6548 3.9149346955294115
6618 3.9455582051388234
6627 3.956446564111059
6645 3.965157251288847
6649 3.972125801031078
6700 3.977700640824863
6739 3.982160512659891
6753 3.985728410127913
6764 3.9885827281023305
6800 3.9908661824818648
6843 3.9926929459854916
6847 3.9941543567883935
6850 3.995323485430715
6860 3.996258788344572
6863 3.9970070306756575
6866 3.997605624540526
6867 3.998084499632421
6894 3.998467599705937
6908 3.9987740797647495
6942 3.9990192638117996
6955 3.9992154110494402
6959 3.999372328839552
6962 3.9994978630716416
6966 3.999598290457313
6970 3.9996786323658506
6996 3.9997429058926803
7005 3.999794324714144
7022 3.1998354597713154
7037 3.359868367817053
7064 3.487894694253643
7065 3.590315755402915
7075 3.672252604322332
7122 3.737802083457866
7163 3.790241666766293
7170 3.8321933334130343
7185 3.8657546667304272
7207 3.892603733384342
7215 3.9140829867074736
7233 3.9312663893659794
7247 3.9450131114927833
7256 3.9560104891942265
7280 3.9648083913553815
7284 3.9718467130843056
7288 3.9774773704674447
7317 3.9819818963739557
7338 3.9855855170991648
7347 3.988468413679332
7354 3.990774730943466
7384 3.9926197847547726
7396 3.994095827803818
7429 3.9952766622430547
7433 3.9962213297944436
7449 3.996977063835555
7461 3.997581651068444
7509 3.9980653208547556
7513 3.9984522566838043
7544 3.9987618053470433
7609 3.9992075554221085
7613 3.9993660443376866
7616 3.999492835470149
7688 3.9995942683761196
7731 3.9996754147008957
7770 3.9997403317607167
7774 3.9997922654085736
7810 3.999833812326859
7820 3.9998670498614874
7831 3.99989363988919
7836 3.999914911911352
7844 3.9999319295290823
7867 3.999945543623266
7868 3.999956434898613
7900 3.999965147918891
7901 3.999972118335113
7935 3.9999776946680905
7945 3.9999821557344726
7946 3.999985724587578
7950 3.1999885796700624
7956 3.3599908637360505
7962 3.4879926909888406
7968 3.590394152791073
8037 3.6723153222328584
8081 3.7378522577862867
8123 3.7902818062290295
8138 3.832225444983224
8172 3.865780355986579
8322 3.892624284789263
8325 3.9140994278314105
8343 3.9312795422651288
8347 3.945023633812103
8351 3.9560189070496827
8383 3.9648151256397464
8389 3.9718521005117973
8390 3.977481680409438
8400 3.9819853443275504
8438 3.9855882754620406
8439 3.9884706203696325
8456 3.990776496295706
8457 3.9926211970365655
8461 3.994096957629252
8462 3.995277566103402
8499 3.9962220528827217
8500 3.9969776423061774
8503 3.997582113844942
8514 3.9980656910759533
8559 3.998452552860763
8570 3.99876204228861
8571 3.9990096338308883
8592 3.999207707064711
8632 3.999366165651769
8636 3.9994929325214157
8647 3.9995943460171324
8685 3.9996754768137057
8729 3.999740381450965
8753 3.9997923051607724
8757 3.9998338441286183
8777 3.9998670753028946
8792 3.999893660242316
8801 3.999914928193853
8868 3.999931942555082
8895 3.999945554044066
8896 3.999956443235253
8906 3.9999651545882022
8927 3.9999721236705623
8931 3.9999776989364504
8935 3.9999821591491607
8959 3.999985727319329
8967 3.9999885818554635
8971 3.9999908654843708
8996 3.9999926923874964
9003 3.9999941539099977
9023 3.9999953231279983
9050 3.9999962585023985
9058 3.9999970068019186
9070 3.9999976054415347
9080 3.999998084353228
9090 3.999998467482583
9091 3.999998773986067
9097 3.999999019188854
9115 3.9999992153510835
9146 3.9999993722808673
9183 3.999999497824694
9195 3.9999995982597554
9202 3.9999996786078045
9218 3.999999742886244
9219 3.9999997943089953
9233 3.9999998354471966
9245 3.999999868357757
9248 3.999999894686206
9262 3.9999999157489645
9304 3.999999932599172
9340 3.1999999460793376
9356 3.3599999568634704
9357 3.4879999654907765
9384 3.590399972392621
9390 3.672319977914097
9421 3.7378559823312782
9427 3.7902847858650226
9467 3.8322278286920186
9495 3.8657822629536147
9502 3.892625810362892
9505 3.9141006482903142
9508 3.931280518632252
9514 3.9450244149058014
9566 3.9560195319246416
9591 3.964815625539713
9599 3.971852500431771
9705 3.977482000345417
9706 3.9819856002763343
9730 3.9855884802210673
9734 3.9884707841768536
9735 3.990776627341483
9778 3.9926213018731866
9782 3.9940970414985495
9802 3.9952776331988398
9806 3.996222106559072
9851 3.9969776852472583
9862 3.9975821481978064
9939 3.9980657185582453
9942 3.9984525748465964
9976 3.9987620598772775
9980 3.999009647901822
9997 3.9992077183214576
10026 3.9993661746571663
10029 3.999492939725733
10075 3.999594351780586
10110 3.999675481424469
10114 3.9997403851395754
10119 3.999792308111661
10151 3.999833846489329
10155 3.999867077191463
10167 3.9998936617531706
10174 3.9999149294025367
10188 3.9999319435220295
10199 3.999945554817624
10202 3.9999564438540993
10206 3.99996515508328
10234 3.999972124066624
10237 3.999977699253299
10238 3.9999821594026397
10258 3.9999857275221116
10262 3.9999885820176893
10265 3.9999908656141514
10310 3.999992692491321
10313 3.9999941539930566
10345 3.1999953231944454
10410 3.3599962585555563
10440 3.487997006844445
10444 3.590397605475556
10447 3.6723180843804455
10451 3.7378544675043566
10455 3.7902835740034853
10459 3.8322268592027884
10467 3.8657814873622307
10470 3.8926251898897846
10471 3.9141001519118275
10494 3.931280121529462
10495 3.9450240972235697
10500 3.9560192777788563
10567 3.9648154222230856
10605 3.9718523377784685
10608 3.9774818702227748
10609 3.98198549617822
10612 3.9855883969425765
10639 3.988470717554061
10652 3.990776574043249
10659 3.992621259234599
10711 3.994097007387679
10723 3.995277605910143
10732 3.9962220847281147
10735 3.9969776677824917
10822 3.9975821342259934
10826 3.9980657073807953
10836 3.9984525659046364
10843 3.998762052723709
10854 3.999009642178968
10855 3.999207713743174
10863 3.9993661709945396
10875 3.9994929367956322
10884 3.9995943494365056
10924 3.9996754795492047
10948 3.999740383639364
10998 3.999792306911491
11003 3.999833845529193
11039 3.999867076423355
11060 3.9998936611386844
11070 3.9999149289109477
11082 3.9999319431287583
11086 3.9999455545030065
11108 3.9999564436024055
11128 3.9999651548819246
11144 3.9999721239055397
11156 3.9999776991244316
11157 3.9999821592995453
11166 3.999985727439636
11174 3.999988581951709
11200 3.999990865561368
11201 3.9999926924490943
11204 3.9999941539592756
11223 3.999995323167421
11227 3.999996258533937
11259 3.99999700682715
11263 3.9999976054617203
11278 3.999998084369376
11283 3.9999984674955007
11290 3.999998773996401
11293 3.999999019197121
11297 3.999999215357697
11337 3.9999993722861573
11346 3.9999994978289264
11371 3.999999598263141
11380 3.9999996786105134
11384 3.199999742888411
11387 3.3599997943107285
11391 3.4879998354485826
11417 3.5903998683588663
11469 3.672319894687093
11472 3.737855915749675
11487 3.7902847325997397
11495 3.832227786079792
11498 3.0657822288638337
11526 3.2526257830910668
11566 3.402100626472854
11570 3.5216805011782837
11577 3.6173444009426268
11618 3.6938755207541014
11647 3.7551004166032813
11686 3.8040803332826254
11689 3.8432642666261003
11700 3.8746114133008804
11738 3.899689130640705
11756 3.9197513045125643
11759 3.9358010436100512
11763 3.9486408348880415
11788 3.9589126679104334
11791 3.9671301343283467
11795 3.9737041074626775
11798 3.978963285970142
11812 3.983170628776114
11829 3.9865365030208917
11830 3.9892292024167135
11845 3.991383361933371
11850 3.993106689546697
11851 3.9944853516373575
11911 3.995588281309886
11954 3.996470625047909
11957 3.9971765000383277
11990 3.9977412000306627
11994 3.9981929600245305
12005 3.998554368019625
12026 3.9988434944157003
12041 3.99907479553256
12084 3.999259836426048
12101 3.999407869140838
12102 3.9995262953126707
12126 3.9996210362501365
12137 3.9996968290001096
12146 3.999757463200088
12173 3.999805970560071
12194 3.9998447764480565
12195 3.9998758211584455
12224 3.999900656926757
12262 3.9999205255414054
12276 3.9999364204331247
12315 3.9999491363465003
12318 3.9999593090772008
12321 3.999967447261761
12345 3.9999739578094085
12349 3.9999791662475266
12367 3.9999833329980214
12372 3.999986666398417
12393 3.9999893331187337
12416 3.999991466494987
12419 3.99999317319599
12435 3.999994538556792
12461 3.999995630845434
12471 3.9999965046763473
12508 3.999997203741078
12526 3.9999977629928622
12529 3.99999821039429
12543 3.9999985683154327
12574 3.999998854652346
12608 3.9999990837218773
12609 3.999999266977502
12613 3.9999994135820023
12614 3.199999530865602
12634 3.359999624692482
12635 3.4879996997539857
12655 3.590399759803189
12658 3.672319807842551
12661 3.7378558462740408
12664 3.7902846770192324
12706 3.8322277416153865
12710 3.8657821932923095
12810 3.8926257546338476
12811 3.9141006037070785
12831 3.931280482965663
12834 3.9450243863725305
12837 3.9560195090980246
12841 3.96481560727842
12844 3.971852485822736
12890 3.977481988658189
12933 3.981985590926551
12940 3.9855884727412407
12947 3.988470778192993
12970 3.990776622554395
12971 3.992621298043516
12997 3.9940970384348127
13004 3.99527763074785
13005 3.9962221045982806
13017 3.996977683678625
13027 3.9975821469429
13072 3.9980657175543204
13121 3.9984525740434567
13124 3.9987620592347657
13127 3.9990096473878127
13170 3.9992077179102505
13174 3.999366174328201
13189 3.999492939462561
13192 3.9995943515700487
13195 3.9996754812560393
13198 3.9997403850048316
13220 3.9997923080038653
13234 3.9998338464030923
13238 3.999867077122474
13239 3.999893661697979
13242 3.9999149293583836
13247 3.9999319434867067
13301 3.999945554789366
13304 3.9999564438314925
13369 3.99996515506