339 -0.37860340999127035
446 -1.2182297036016652
447 -1.2182297036016652
453 -0.17458376288133215
461 0.6603329896949344
491 0.902613113404758
508 2.017672392579045
530 0.571310331250589
553 1.2570482650004713
609 -2.0831443396197167
612 -2.0831443396197167
642 -2.0665154716957734
648 -2.0665154716957734
649 -2.0665154716957734
651 -2.0665154716957734
652 -2.0665154716957734
653 -2.0665154716957734
654 -2.0665154716957734
704 -1.1344447372065891
756 -1.1344447372065891
765 -1.1344447372065891
773 -1.1344447372065891
774 -1.1344447372065891
789 -0.10755578976527125
804 -0.486044631812217
806 -0.486044631812217
807 -0.486044631812217
809 -0.486044631812217
810 -0.486044631812217
811 -0.486044631812217
820 -0.7888357054497737
854 -1.031068564359819
861 -0.024854851487855156
886 0.7801161188097159
890 1.4240928950477727
903 1.1514194528305746
970 -0.5411785921205965
973 -0.5411785921205965
977 -0.5411785921205965
1007 -1.0663542989571817
1017 -0.053083439165745316
1036 -0.753973401066077
1039 -0.753973401066077
1042 -0.753973401066077
1044 -0.753973401066077
1051 -1.0031787208528615
1058 -1.0031787208528615
1059 -1.0031787208528615
1070 -1.0031787208528615
1071 -1.0031787208528615
1072 -1.0031787208528615
1087 -1.2025429766822893
1090 -1.2025429766822893
1091 -1.2025429766822893
1093 -1.2025429766822893
1125 -0.7696275050766652
1139 0.1842979959386678
1161 0.35795071740074746
1175 -0.11363942607940203
1176 -0.11363942607940203
1177 -0.11363942607940203
1193 -0.11363942607940203
1215 -0.11363942607940203
1217 -0.11363942607940203
1227 -0.11363942607940203
1229 -0.11363942607940203
1239 -0.11363942607940203
1245 -0.11363942607940203
1246 -0.11363942607940203
1247 -0.11363942607940203
1259 -0.11363942607940203
1325 0.7090884591364784
1327 1.3672707673091828
1333 0.6938166138473464
1354 1.3550532910778772
1367 0.6840426328623018
1400 -1.0097701719745014
1438 -1.2078161375796013
1480 -1.366252910063681
1481 -1.366252910063681
1510 -2.093002328050945
1525 -2.093002328050945
1531 -2.093002328050945
1553 -0.8744018624407559
1558 -0.8744018624407559
1565 -0.8744018624407559
1567 -0.8744018624407559
1568 -0.8744018624407559
1615 0.544306246430333
1626 0.5883559977154132
1628 1.2706847981723306
1663 0.09323827083029163
1668 0.09323827083029163
1723 0.09323827083029163
1732 0.09323827083029163
1774 0.09323827083029163
1775 0.09323827083029163
1776 0.09323827083029163
1777 0.09323827083029163
1778 0.09323827083029163
1818 -0.32540938333576674
1819 -0.32540938333576674
1820 -0.32540938333576674
1862 0.5396724933313866
1867 1.2317379946651092
1875 1.7853903957320876
1879 2.2283123165856704
1884 0.7826498532685364
1887 0.22611988261482918
1921 0.9808959060918634
1953 1.5847167248734908
1968 0.8677733798987927
1974 0.29421870391903415
2002 1.628299970508182
2019 2.482111981125237
2047 2.7856895849001893
2072 3.0285516679201514
2081 2.1782730674688975
2084 1.3426184539751183
2149 1.8740947631800946
2161 2.299275810544076
2164 2.639420648435261
2171 0.4892292149985672
2177 1.1913833719988538
2199 1.7531066975990832
2275 1.6019882864634134
2288 2.081590629170731
2313 1.2652725033365848
2355 1.812218002669268
2380 1.0497744021354145
2427 2.1118556173666656
2432 2.791587595114666
2436 1.8332700760917326
2439 2.2666160608733863
2443 2.613292848698709
2447 2.8906342789589674
2463 3.112507423167174
2477 2.7776038006615935
2506 3.0220830405292753
2528 3.21766643242342
2601 2.299306516750989
2641 2.6394452134007915
2675 1.7115561707206335
2679 2.169244936576507
2706 2.535395949261206
2764 2.828316759408965
2785 3.062653407527172
2795 3.250122726021738
2799 2.2000981808173905
2803 2.5600785446539125
2816 2.8480628357231303
2844 3.0784502685785045
2853 3.262760214862804
2884 3.4102081718902433
2887 3.5281665375121944
2889 3.622533230009756
2923 3.6980265840078053
2930 3.758421267206244
2934 3.8067370137649954
2944 3.8453896110119965
2959 3.876311688809597
2998 3.9010493510476776
3050 3.9208394808381426
3061 2.1366715846705144
3120 2.5093372677364116
3165 2.0859758513513036
3183 2.468780681081043
3196 3.0200196358918676
3201 3.2160157087134946
3261 3.3728125669707962
3264 3.498250053576637
3273 3.5986000428613094
3313 3.6788800342890475
3363 3.794483221944991
3391 3.868469262044794
3425 3.8947754096358356
3459 2.7158203277086685
3480 2.218125009733548
3501 2.8596000062294706
3536 3.4161152031894897
3548 3.532892162551592
3556 3.70105098403302
3561 3.7608407872264165
3569 3.8086726297811335
3634 3.8469381038249066
3710 0.9936323091583524
3718 1.594905847326682
3722 2.0759246778613454
3733 2.4607397422890767
3744 1.5685917938312612
3773 0.854873435065009
3827 1.987118998441606
3848 2.3896951987532846
3861 2.711756159002628
3890 2.9694049272021026
3946 3.175523941761682
3975 3.3404191534093455
4006 3.577868258181982
4022 2.4622946065455857
4060 2.769835685236469
4067 3.015868548189175
4092 3.2126948385513403
4095 3.3701558708410726
4111 3.496124696672858
4127 3.596899757338287
4135 3.67751980587063
4178 3.742015844696504
4192 3.7936126757572035
4196 3.834890140605763
4200 3.8679121124846105
4289 3.915463751990151
4312 3.932371001592121
4349 3.9458968012736966
4360 3.9567174410189576
4381 3.972299162252133
4385 3.9778393298017063
4395 3.982271463841365
4436 2.7858171710730923
4449 3.028653736858474
4467 3.2229229894867792
4469 3.3783383915894234
4473 3.502670713271539
4489 3.6021365706172315
4501 3.681709256493785
4507 3.7453674051950285
4552 3.796293924156023
4558 3.8370351393248185
4563 3.869628111459855
4586 3.895702489167884
4590 3.9165619913343077
4661 3.9332495930674467
4671 3.9465996744539575
4718 3.957279739563166
4727 3.9726590333204266
4753 3.9781272266563414
4756 3.982501781325073
4794 3.9888011400480474
4818 3.9910409120384385
4848 3.9928327296307513
4857 3.9942661837046014
4893 3.9954129469636817
4966 3.997064286056757
5019 2.797651428845406
5054 3.0381211430763253
5057 3.2304969144610602
5072 3.3843975315688484
5101 3.507518025255079
5171 3.6060144202040636
5201 3.747849228930601
5233 3.7982793831444814
5240 3.838623506515585
5257 3.8708988052124687
5261 3.8967190441699753
5266 3.9173752353359808
5296 3.933900188268785
5343 3.947120150615028
5455 3.957696120492023
5485 3.9661568963936187
5508 3.972925517114895
5513 3.9783404136919165
5551 3.982672330953533
5558 3.986137864762827
5617 3.99112823344821
5624 3.994322069406855
5642 3.9954576555254837
5650 3.996366124420387
5676 3.9970928995363098
5698 3.9976743196290476
5706 3.998139455703238
5732 3.99851156456259
5735 3.998809251650072
5752 3.9992379210560465
5761 3.9993903368448374
5771 3.9995122694758702
5778 3.9996098155806967
5782 3.9996878524645574
5784 3.9997502819716457
5786 3.9998002255773164
5791 3.9998401804618533
5824 3.9998721443694825
5827 2.7998977154955864
5840 3.0399181723964697
5861 3.2319345379171756
5897 3.5084381042669923
5901 2.406750483413594
5905 2.7254003867308754
5946 2.980320309384701
5976 3.1842562475077605
5979 3.3474049980062084
5983 3.4779239984049672
6016 3.5823391987239743
6026 2.4658713589791796
6045 2.772697087183344
6056 3.0181576697466754
6212 3.2145261357973407
6308 3.3716209086378726
6314 3.4972967269102986
6316 3.5978373815282394
6401 2.4782699052225916
6414 2.7826159241780735
6434 3.0260927393424586
6440 3.2208741914739667
6460 3.3766993531791734
6489 3.5013594825433385
6500 3.601087586034671
6511 3.680870068827737
6526 3.7446960550621897
6547 3.7957568440497518
6599 3.8366054752398018
6612 3.869284380191842
6620 3.8954275041534734
6627 3.9163420033227787
6645 3.933073602658223
6700 3.957167105701263
6739 3.9657336845610107
6829 3.972586947648809
6850 3.9780695581190475
6860 3.9824556464952385
6863 3.985964517196191
6866 3.9887716137569527
6908 3.991017291005562
6955 3.9928138328044502
6959 3.99425106624356
6970 3.995400852994848
6983 3.9963206823958783
6996 3.9970565459167027
7006 3.997645236733362
7075 3.99811618938669
7122 3.998492951509352
7185 3.