31 0.48
105 -0.10787430399999987
108 -0.10787430399999987
109 -0.10787430399999987
131 -0.10787430399999987
180 -1.38903955456
193 -1.38903955456
304 -1.2237468063939692
309 -1.2237468063939692
311 -1.2237468063939692
313 -1.2237468063939692
318 -1.2237468063939692
339 -1.2237468063939692
343 -1.3789974451151754
371 -2.1031979560921403
377 -0.8825583648737123
384 -0.8825583648737123
442 -1.9682778644485963
466 -1.2157582665976814
467 -1.2157582665976814
476 -1.2157582665976814
524 -0.7763745859984104
529 -1.0210996687987284
559 -1.2168797350389826
597 -0.5388030304249489
600 -0.5388030304249489
602 -0.5388030304249489
608 -0.5388030304249489
623 -0.5388030304249489
638 0.3689575756600409
642 0.3689575756600409
648 -0.7870937212620591
649 -0.7870937212620591
651 -0.7870937212620591
652 -0.7870937212620591
653 -0.7870937212620591
657 -0.7870937212620591
661 -1.0296749770096474
697 -1.223739981607718
765 0.28595610353347867
771 1.028764882826783
789 -0.5415904749908589
813 0.13338209600585027
843 -0.6346354585562559
853 0.2922916331549953
854 0.2922916331549953
862 -0.7661666934760037
886 -0.7661666934760037
890 -0.7661666934760037
892 -0.7661666934760037
893 -0.7661666934760037
894 -0.7661666934760037
895 -0.7661666934760037
952 -1.0861580016945735
956 -1.268926401355659
973 -1.5321128968676216
1007 -0.7405522539952779
1008 -0.7405522539952779
1015 0.20755819680377774
1042 2.0582697967635344
1051 0.5972926699286621
1060 0.8622673087543438
1064 0.289813847003475
1068 1.03185107760278
1082 1.7123077517326235
1084 0.9698462013860988
1092 -0.09929843111289677
1094 -0.09929843111289677
1096 -0.09929843111289677
1097 -0.09929843111289677
1121 -0.09929843111289677
1122 -0.09929843111289677
1124 -0.09929843111289677
1125 -0.09929843111289677
1126 -0.09929843111289677
1128 -0.09929843111289677
1138 -0.09929843111289677
1141 -0.09929843111289677
1143 -0.09929843111289677
1161 -0.09929843111289677
1164 -0.09929843111289677
1165 -0.09929843111289677
1166 -0.09929843111289677
1174 -0.09929843111289677
1175 -0.09929843111289677
1176 -0.09929843111289677
1194 0.7205612551096826
1205 1.3764490040877462
1215 2.6567418900929263
1237 1.8754014781820627
1239 1.1003211825456503
1256 1.1842055568292162
1259 0.547364445463373
1262 1.2378915563706985
1265 1.7903132450965589
1287 2.232250596077247
1299 2.585800476861798
1336 1.8536600802064596
1339 2.2829280641651675
1342 1.4263424513321339
1360 1.9410739610657073
1376 1.722287335082053
1383 2.1778298680656425
1387 2.542263894452514
1389 2.8338111155620114
1391 3.067048892449609
1397 2.0536391139596875
1438 1.2754632263473602
1444 0.6203705810778882
1474 0.7341037900095031
1481 0.18728303200760243
1482 0.18728303200760243
1486 0.18728303200760243
1493 1.5598611404848657
1497 2.0478889123878927
1510 2.438311129910314
1543 1.2324152985140815
1547 0.5859322388112652
1550 1.2687457910490123
1553 0.6149966328392099
1556 1.291997306271368
1569 1.4135026208109411
1574 1.930802096648753
1581 2.3446416773190024
1626 0.7805706734841619
1663 1.4244565387873296
1681 0.7395652310298636
1689 1.391652184823891
1732 1.913321747859113
1752 2.3306573982872907
1757 2.664525918629833
1765 2.9316207349038663
1778 3.1452965879230934
1806 3.3162372703384753
1820 2.2529898162707807
1857 2.8819134824132995
1860 3.1055307859306396
1867 3.284424628744512
1870 3.4275397029956096
1873 3.542031762396488
1877 3.6336254099171903
1881 2.5069003279337525
1887 2.8055202623470024
1921 3.0444162098776024
1928 3.235532967902082
1951 3.388426374321666
1991 2.310741099457333
1994 2.6485928795658666
1999 2.918874303652694
2002 3.1350994429221553
2014 3.3080795543377244
2017 3.44646364347018
2023 2.6857367318209153
2062 1.7485893854567323
2066 2.198871508365386
2072 2.559097206692309
2077 2.847277765353847
2079 1.8778222122830779
2112 1.68180621586117
2121 0.9454449726889361
2133 1.556355978151149
2149 2.0450847825209193
2157 2.4360678260167354
2166 2.7488542608133884
2168 2.999083408650711
2171 1.999266726920569
2179 2.3994133815364553
2232 2.7195307052291646
2239 2.975624564183332
2258 3.344399721077333
2293 3.6643326571915953
2311 3.7314661257532764
2318 2.5851729006026214
2321 2.868138320482097
2355 3.094510656385678
2361 2.0756085251085428
2385 1.5683894560694678
2396 2.054711564855574
2430 1.2040123212060543
2445 1.7632098569648436
2463 1.010567885571875
2469 0.40845430845749997
2474 1.1267634467660002
2477 0.5014107574128002
2479 1.2011286059302402
2499 0.5609028847441921
2511 1.798977846236283
2535 2.239182276989027
2571 1.3913458215912216
2578 1.9130766572729774
2582 1.130461325818382
2596 1.7043690606547057
2625 2.1634952485237644
2649 2.5307961988190115
2665 2.8246369590552094
2673 3.059709567244168
2675 3.247767653795335
2681 3.3982141230362677
2685 3.5185712984290145
2702 3.614857038743212
2706 2.49188563099457
2730 2.793508504795656
2748 3.22784544306922
2756 2.182276354455376
2761 1.3458210835643007
2778 0.6766568668514407
2790 1.8730603947849223
2799 0.7510069221298804
2811 1.4008055377039044
2814 1.9206444301631236
2819 2.6692124353043996
2824 1.7353699482435196
2849 2.188295958594816
2851 1.3506367668758528
2853 1.8805094135006823
2862 2.304407530800546
2873 0.7548208197123497
2877 1.40385665576988
2879 1.923085324615904
2882 2.338468259692723
2889 1.4707746077541786
2902 1.976619686203343
2911 2.3812957489626747
2917 1.5050365991701398
2923 0.8040292793361118
2932 1.4432234234688894
2937 0.7545787387751116
2939 0.20366299102008933
2941 0.9629303928160715
2944 1.5703443142528573
2968 2.445020361121829
2975 2.756016288897463
2977 3.004813031117971
2982 3.2038504248943767
2990 3.363080339915501
3000 3.4904642719324013
3005 3.5923714175459214
3008 3.6738971340367375
3075 2.0664282661014477
3079 2.453142612881158
3122 2.7625140903049266
3125 3.0100112722439416
3136 3.2080090177951535
3150 3.3664072142361228
3162 3.4931257713888986
3167 3.5945006171111187
3178 3.6756004936888953
3185 3.740480394951116
3199 3.792384315960893
3229 2.6339074527687147
3266 2.9071259622149723
3271 3.125700769771978
3279 2.1005606158175825
3281 2.480448492654066
3303 2.7843587941232526
3324 3.221989628238882
3339 3.377591702591106
3343 3.5020733620728848
3367 3.601658689658308
3391 3.6813269517266463
3410 3.745061561381317
3425 3.796049249105054
3438 2.6368393992840433
3443 2.9094715194272345
3445 3.1275772155417876
3447 3.3020617724334302
3454 2.353319534357396
3459 2.682655627485917
3471 1.7461245019887337
3484 2.196899601590987
3486 2.5575196812727894
3508 3.0768125960145856
3526 3.261450076811669
3534 3.5273280491594683
3540 1.8218624393275746
3544 2.25748995146206
3546 2.6059919611696483
3551 2.884793568935719
3554 3.1078348551485755
3559 3.4290143072950885
3564 3.5432114458360706
3567 2.4345691566688568
3569 1.5476553253350853
3592 2.0381242602680683
3606 2.4304994082144544
3624 2.995519621257251
3634 3.1964156970058006
3649 2.157132557604641
3658 2.525706046083713
3683 1.6205648368669703
3687 2.0964518694935763
3710 2.477161495594861
3720 2.781729196475889
3724 3.0253833571807114
3727 3.2203066857445695
3731 3.3762453485956554
3735 2.3009962788765246
3780 2.6407970231012197
3791 2.912637618480976
3841 3.304088075827825
3851 3.4432704606622604
3867 2.3546163685298085
3872 2.683693094823847
3890 2.9469544758590773
3898 3.1575635806872624
3902 3.32605086454981
3929 3.4608406916398478
3932 3.5686725533118784
3946 3.654938042649503
3981 3.723950434119603
4038 3.779160347295682
4058 3.823328277836546
4100 3.858662622269237
4125 2.9495440782523117
4129 3.1596352626018493
4149 2.12770821008148
4175 2.502166568065184
4194 3.041386603561718
4198 3.233109282849375
4210 3.3864874262795004
4227 3.5091899410236005
4239 3.60735195281888
4274 3.685881562255104
4280 3.7487052498040834
4285 2.598964199843267
4291 2.879171359874614
4295 3.1033370878996918
4301 3.2826696703197538
4303 3.4261357362558034
4312 3.6327268712037144
4351 3.706181496962972
4370 3.764945197570378
4379 3.8119561580563026
4383 3.8495649264450424
4387 3.879651941156034
4392 3.9037215529248277
4395 2.7229772423398626
4398 1.7783817938718904
4424 2.222705435097512
4467 2.57816434807801
4471 2.862531478462408
4487 3.090025182769927
4507 2.2176161169727537
4509 2.574092893578203
4512 2.859274314862563
4517 1.8874194518900502
4534 2.3099355615120403
4538 2.6479484492096326
4556 2.918358759367706
4579 2.1077496059953322
4582 2.486199684796266
4592 2.788959747837013
4598 3.0311677982696104
4617 2.179947390892551
4622 2.543957912714041
4625 2.8351663301712327
4628 3.068133064136986
4652 3.254506451309589
4661 3.522884128838137
4669 3.6183073030705097
4707 3.755716673965127
4711 3.8045733391721015
4725 3.843658671337681
4729 3.8749269370701453
4758 3.8999415496561163
4764 3.919953239724893
4779 3.935962591779915
4784 3.9487700734239324
4836 3.959016058739146
4846 3.967212846991317
4855 3.9737702775930535
4884 3.979016222074443
4888 3.983212977659554
4903 3.9865703821276437
4911 3.9892563057021153
4944 3.9914050445616924
4955 3.9931240356493545
4972 3.9944992285194836
4992 3.9955993828155867
5045 3.996479506252469
5048 3.9971836050019753
5074 3.9977468840015806
5120 3.9981975072012643
5123 3.9985580057610113
5156 3.998846404608809
5190 3.999077123687047
5195 3.9992616989496375
5209 3.999527487327768
5259 3.9996219898622147
5283 3.999697591889772
5305 3.999758073511818
5308 3.999806458809455
5328 3.999845167047564
5337 3.9998761336380513
5345 3.999900906910441
5371 3.9999207255283533
5376 3.999936580422683
5396 3.999949264338147
5400 3.9999594114705177
5417 3.9999675291764145
5451 2.799974023341132
5506 3.0399792186729053
5515 3.2319833749383244
5546 3.38558669995066
5553 3.508469359960528
5558 2.4067754879684227
5564 2.7254203903747385
5584 3.184269049839833
5610 3.347415239871867
5617 3.4779321918974935
5622 3.582345753517995
5626 3.6658766028143956
5634 3.732701282251517
5640 3.7861610258012135
5648 3.8631430565127767
5652 3.890514445210221
5666 3.912411556168177
5678 3.9299292449345415
5685 3.9551547167581074
5698 3.9641237734064863
5708 3.9712990187251895
5711 3.9770392149801514
5732 3.981631371984121
5743 3.9882440780698376
5749 3.9905952624558703
5752 3.992476209964696
5756 3.9939809679717575
5758 3.995184774377406
5761 3.9961478195019247
5773 3.997534604481232
5780 3.9980276835849855
5784 3.9984221468679886
5788 3.998737717494391
5794 3.998990173995513
5829 3.9991921391964107
5834 3.999353711357129
5844 3.9994829690857037
5894 3.9995863752685628
5903 3.9996691002148506
5907 3.9997352801718806
5910 3.9997882241375047
5920 3.9998305793100037
5927 3.999864463448003
5960 3.999891570758403
5974 3.999913256606723
5983 3.9999306052853782
5985 3.999944484228303
5988 3.999955587382643
6012 3.9999644699061143
6022 3.9999715759248913
6043 3.9999772607399136
6047 3.999981808591931
6051 3.999985446873545
6101 3.999988357498836
6109 3.9999906859990686
6154 3.9999925487992547
6176 3.9999940390394038
6180 2.7999952312315233
6199 3.0399961849852186
6205 3.2319969479881747
6216 3.3855975583905398
6233 3.5084780467124324
6241 2.4067824373699462
6262 2.725425949895957
6265 2.980340759916766
6290 3.184272607933413
6323 3.347418086346731
6338 3.5823475752619087
6342 3.6658780602095273
6345 3.732702448167622
6349 3.7861619585340973
6369 3.828929566827278
6404 3.8905149227694578
6410 3.912411938215566
6449 3.943943640457962
6463 3.9641239298930966
6500 3.971299143914478
6502 3.9770393151315826
6521 3.9816314521052663
6528 3.985305161684213
6534 2.7882441293473708
6542 3.030595303477897
6545 3.224476242782318
6553 3.3795809942258543
6556 3.5036647953806836
6570 3.6029318363045473
6580 3.6823454690436384
6589 3.7458763752349107
6599 3.7967011001879287
6612 3.837360880150343
6620 3.8698887041202745
6625 3.8959109632962194
6671 3.9167287706369756
6681 3.9333830165095804
6698 3.9467064132076644
6704 2.7573651305661318
6721 3.0058921044529052
6741 3.204713683562324
6750 2.1637709468498594
6760 2.531016757479888
6762 1.6248134059839106
6780 0.8998507247871285
6784 1.5198805798297028
6802 2.0159044638637624
6812 2.4127235710910098
6841 2.730178856872808
6845 2.9841430854982463
6852 3.187314468398597
6858 3.349851574718878
6872 3.4798812597751025
6915 3.583905007820082
6919 3.667124006256066
6964 2.533699205004853
6968 2.8269593640038826
6972 3.061567491203106
7006 3.249253992962485
7029 3.399403194369988
7049 3.519522555495991
7054 3.6156180443967925
7070 3.6924944355174345
7093 3.753995548413948
7133 3.842557150984927
7183 3.874045720787942
7187 3.8992365766303534
7203 3.919389261304283
7205 3.9355114090434267
7223 3.9484091272347417
7235 3.9587273017877935
7264 3.9669818414302354
7268 3.9735854731441886
7282 3.978868378515351
7286 3.9830947028122807
7307 3.9891806097998597
7310 3.9913444878398883
7345 3.9930755902719106
7350 3.9944604722175283
7352 2.795568377774023
7361 3.0364547022192188
7371 3.229163761775375
7413 3.3833310094203
7438 3.6053318460289923
7459 3.684265476823194
7511 3.8383439241334756
7516 3.8706751393067806
7522 3.8965401114454243
7550 3.9172320891563395
7560 3.9337856713250714
7600 3.9470285370600573
7623 3.957622829648046
7627 3.966098263718437
7645 3.9728786109747496
7674 3.9783028887798
7682 3.9826423110238407
7690 3.9861138488190724
7694 3.988891079055258
7711 3.991112863244207
7722 3.9928902905953656
7812 3.995449785981034
7848 3.9963598287848274
7879 3.997087863027862
7882 3.99767029042229
7927 3.998136232337832
7947 3.9985089858702656
7952 2.798807188696213
7966 3.231236600765576
7988 3.3849892806124613
8020 3.507991424489969
8035 3.606393139591975
8067 3.7480916093388643
8160 3.798473287471092
8170 3.838778629976874
8200 3.8710229039814994
8228 3.8968183231852
8252 3.91745465854816
8266 3.9339637268385284
8320 3.9471709814708227
8327 3.9577367851766585
8345 3.966189428141327
8397 3.9729515425130613
8402 3.978361234010449
8418 3.982688987208359
8421 3.9861511897666873
8435 3.98892095181335
8442 3.9911367614506803
8490 3.9929094091605446
8496 3.994327527328436
8516 2.795462021862749
8530 3.036369617490199
8533 3.22909569399216
8557 3.383276555193728
8568 3.5066212441549824
8575 3.605296995323986
8578 3.684237596259189
8590 3.7979120616058815
8617 3.870663719427764
8628 3.8965309755422117
8643 3.917224780433769
8663 3.933779824347016
8670 3.9470238594776133
8680 3.957619087582091
8687 3.966095270065673
8705 3.972876216052539
8722 3.978300972842031
8739 3.982640778273625
8755 3.9861126226189
8770 3.98889009809512
8773 3.991112078476096
8779 3.992889662780877
8795 3.9943117302247018
8799 3.9954493841797616
8818 3.9963595073438096
8866 3.9970876058750475
8871 3.9976700847000384
8929 3.9985088542080254
8933 3.9988070833664207
8948 3.999045666693137
8955 3.9992365333545097
9001 3.9993892266836077
9005 3.9995113813468866
9025 3.9996091050775098
9046 3.9996872840620084
9048 3.999749827249607
9052 3.999799861799686
9077 3.999839889439749
9104 3.999871911551799
9134 3.99989752924144
9144 3.9999180233931524
9160 3.9999344187145223
9179 3.999947534971618
9197 3.9999580279772946
9204 3.999966422381836
9213 3.999973137905469
9256 3.9999785103243752
9267 3.9999828082595004
9270 3.999986246607601
9273 3.9999889972860805
9278 3.999991197828865
9295 3.9999929582630918
9305 3.9999943666104736
9307 3.9999954932883792
9311 3.9999963946307036
9317 3.999997115704563
9334 3.9999976925636505
9353 3.99999815405092
9363 3.9999985232407367
9388 3.9999990548740723
9392 3.999999243899258
9405 3.9999993951194064
9423 3.9999995160955253
9429 3.9999996128764206
9444 3.999999690301137
9451 3.9999997522409094
9460 3.999999801792728
9473 3.9999998414341826
9477 3.9999998731473463
9490 3.999999898517877
9493 3.999999918814302
9500 3.9999999350514415
9510 3.999999948041153
9516 3.999999958432922
9526 3.999999966746338
9535 3.9999999733970704
9578 3.999999978717656
9595 3.999999982974125
9601 3.9999999863793
9656 3.9999999891034