47 0.12800000000000003
192 0.8214630400000003
205 0.6571704320000002
206 0.7257363456000003
220 1.1044712611840002
231 1.5334892857262081
300 1.506013769146764
332 2.0048110153174115
371 1.3544632398425147
374 1.2835705918740117
400 1.0268564734992094
430 1.6214851787993676
431 1.2971881430394943
432 1.2377505144315954
442 0.6669826107111816
443 0.5335860885689453
455 0.981495096684125
474 0.9851960773473001
491 1.4705254895022721
530 2.3811363132814543
535 1.883927240500131
572 1.365713433920084
646 1.2375969780269334
651 0.76164965274979
652 0.6093197221998321
653 0.4874557777598657
662 0.3899646222078926
666 0.6095773582130513
703 0.7501295092563529
757 0.5840663087392528
766 1.2138024375931218
774 1.7710419500744976
779 1.6168335600595982
789 1.4934668480476787
790 1.194773478438143
807 1.7558187827505145
809 1.6046550262004116
814 1.0269792167682634
843 1.4972666987316887
850 1.397813358985351
861 1.3182506871882809
877 1.0436804398005
896 0.6514505652110625
901 0.7211604521688499
902 0.77692836173508
903 0.621542689388064
905 1.2972341515104513
906 1.237787321208361
912 1.190229856966689
936 1.401747108458681
940 1.3213976867669448
968 1.805694519530845
969 1.644555615624676
972 1.2525155939997927
983 1.0020124751998343
991 1.601287984127894
997 2.259859447873482
998 2.0078875582987856
1008 1.9250480373112229
1010 1.7400384298489784
1028 2.192030743879183
1033 1.9536245951033464
1035 1.7628996760826772
1036 1.4103197408661419
1045 1.2626046341543309
1064 2.398762858149614
1066 1.9190102865196914
1084 1.2484266133584658
1116 1.6389930325494182
1124 2.1111944260395346
1125 1.6889555408316277
1126 1.3511644326653023
1135 1.280931546132242
1138 1.179796189524635
1139 0.943836951619708
1149 0.9550695612957665
1152 0.9640556490366132
1194 0.6252771938453968
1208 0.7002217550763175
1211 0.760177404061054
1212 0.8081419232488434
1215 0.8465135385990747
1229 0.7017686647034079
1230 0.7614149317627263
1239 0.8091319454101811
1259 0.877844445062516
1262 0.9022755560500129
1287 0.9218204448400102
1288 0.9374563558720082
1325 0.9599720677580854
1366 1.5679776542064685
1374 1.20350569869214
1378 1.162804558953712
1417 1.2506847473474405
1441 1.8005477978779525
1472 2.240438238302362
1474 1.9923505906418897
1478 2.7151043780108095
1481 2.9720835024086476
1488 2.3776668019269183
1489 1.9021334415415347
1490 1.7217067532332277
1510 2.1773654025865823
1525 1.9418923220692659
1554 1.9622488688994644
1569 2.179309709360977
1575 2.5434477674887814
1593 2.5878065711928206
1626 2.412956964450724
1643 2.7303655715605792
1646 2.984292457248464
1647 2.5874339657987715
1651 2.2699471726390175
1663 2.015957738111214
1665 1.8127661904889714
1666 1.450212952391177
1668 1.3601703619129417
1671 1.0881362895303535
1672 1.070509031624283
1694 1.0564072252994263
1713 1.6451257802395411
1715 2.116100624191633
1732 2.4928804993533067
1733 2.1943043994826454
1734 1.9554435195861164
1766 2.364354815668893
1778 2.6914838525351144
1789 2.6825496656224734
1816 2.346039732497979
1820 2.076831785998383
1831 1.8614654287987065
1851 2.289172343038965
1860 2.631337874431172
1887 3.1240562396359506
1921 3.4393959933670084
1929 3.5515167946936073
1930 3.0412134357548863
1944 3.2329707486039094
1999 3.5091012791065017
2002 3.0072810232852016
2019 3.2058248186281615
2030 3.3646598549025297
2063 2.891727883922024
2064 2.5133823071376193
2072 2.8107058457100953
2084 3.238851741254461
2100 3.391081393003569
2128 3.5128651144028558
2149 3.610292091522285
2158 3.6882336732178285
2167 3.750586938574263
2168 3.0004695508594104
2171 3.200375640687528
2224 3.3603005125500225
2259 3.488240410040018
2322 3.590592328032015
2324 3.0724738624256123
2326 2.6579790899404903
2342 2.3263832719523925
2359 2.061106617561914
2377 2.448885294049531
2396 2.759108235239625
2406 3.0072865881917004
2430 2.884663416442689
2463 3.1077307331541517
2477 3.4289476692186573
2525 3.0345265082999413
2614 2.302096965311963
2623 2.6416775722495704
2675 2.9133420577996567
2699 3.1306736462397255
2706 3.3045389169917803
2785 3.443631133593424
2787 3.5549049068747394
2799 3.6439239254997915
2816 3.7151391403998337
2838 3.7721113123198675
2843 3.2176890498558945
2844 2.5741512398847157
2853 2.259320991907773
2874 2.6074567935262185
2887 1.8287723478567803
2889 1.6630178782854244
2923 2.1304143026283393
2930 2.5043314421026714
2934 2.2034651536821372
2944 1.9627721229457098
2959 2.370217698356568
2961 2.0961741586852547
2965 2.476939326948204
2978 2.7815514615585633
3006 3.0252411692468506
3013 3.2201929353974803
3019 3.3761543483179848
3036 3.5009234786543884
3038 3.000738782923511
3072 3.2005910263388087
3109 2.8883782568568384
3123 3.1107026054854705
3133 3.288562084388377
3175 2.830849667510702
3196 3.0646797340085614
3241 2.6517437872068497
3325 2.5371160238123847
3332 2.8296928190499075
3367 3.251003404191941
3368 2.800802723353553
3391 3.040642178682843
3403 3.2325137429462742
3424 2.908808795485616
3455 2.327047036388493
3459 2.0616376291107947
3471 2.449310103288636
3480 2.759448082630909
3485 2.1260467728837824
3486 1.700837418307026
3498 2.160669934645621
3500 1.9285359477164967
3501 1.5428287581731974
3508 2.0342630065385583
3521 2.4274104052308467
3523 2.1419283241846774
3528 1.913542659347742
3531 1.7308341274781938
3547 1.4677338415860441
3569 2.169183781513644
3603 2.535347025210915
3607 2.228277620168732
3620 1.9826220961349859
3639 1.7860976769079888
3670 2.583102513221113
3710 2.866482010576891
3747 3.0931856084615132
3761 3.274548486769211
3767 3.4196387894153686
3775 3.535711031532295
3780 3.6285688252258366
3781 3.1028550601806697
3791 3.282284048144536
3792 2.8258272385156293
3807 3.060661790812504
3835 3.2485294326500034
3887 3.3988235461200027
3890 3.5190588368960025
3899 3.615247069516802
3911 3.692197655613442
3924 3.753758124490754
3930 3.8030064995926036
3942 3.842405199674083
3946 3.873924159739267
3981 3.8991393277914135
4111 3.9193114622331313
4145 3.935449169786505
4159 3.9483593358292044
4166 3.358687468663364
4176 3.486949974930691
4189 3.5895599799445526
4192 3.6716479839556424
4211 3.737318387164514
4286 3.831883767785289
4296 3.865507014228231
4299 3.8924056113825847
4312 3.9139244891060683
4334 3.931139591284855
4362 3.9449116730278844
4370 3.9559293384223073
4374 3.9647434707378464
4419 3.3717947765902774
4434 3.497435821272222
4467 3.5979486570177777
4504 3.678358925614222
4507 3.7426871404913777
4536 3.7941497123931027
4570 3.2353197699144824
4599 3.3882558159315863
4618 2.9106046527452696
4623 3.128483722196216
4638 3.3027869777569725
4661 3.442229582205578
4739 3.64302693261157
4781 3.7144215460892562
4799 3.7715372368714055
4811 3.8172297894971248
4867 3.8537838315977
4904 3.88302706527816
5006 3.325137321778023
5040 3.4601098574224185
5068 3.568087885937935
5143 3.7235762470002784
5191 3.7788609976002228
5228 3.823088798080178
5233 3.8584710384641427
5254 3.429421464617052
5284 3.543537171693642
5338 3.634829737354914
5372 3.1078637898839316
5397 3.2862910319071457
5437 3.4290328255257165
5476 3.5432262604205738
5527 3.6345810083364594
5558 3.7076648066691673
5565 3.766131845335334
5586 3.8129054762682673
5603 3.850324381014614
5617 3.8802595048116917
5636 3.904207603849353
5638 3.9233660830794825
5668 3.938692866463586
5669 3.350954293170869
5673 3.480763434536695
5682 3.5846107476293563
5698 3.667688598103485
5702 3.7341508784827884
5724 3.7873207027862312
5732 3.8298565622289855
5735 3.8638852497831886
5744 3.2911081998265512
5752 3.432886559861241
5761 3.546309247888993
5775 3.6370473983111946
5784 3.709637918648956
5821 3.814168267935332
5873 3.851334614348266
5894 3.881067691478613
5921 3.9048541531828906
5928 3.9238833225463123
5957 3.9391066580370504
5983 3.95128532642964
6000 3.9610282611437126
6013 3.9688226089149703
6074 3.975058087131976
6089 3.980046469705581
6097 3.984037175764465
6110 3.987229740611572
6125 3.9897837924892583
6137 3