90 -1.1520000000000004
188 -0.30198988800000004
239 -0.794618822656
335 1.896509083746346
355 1.2137658135976617
407 1.0134067817996821
440 1.6107254254397458
483 1.8693531342601202
546 2.6315709664219886
617 1.8412745394217263
670 0.818415705229905
694 1.4547325641839242
706 1.9637860513471395
732 1.2568230728621694
748 1.076394730644345
753 1.6611157845154763
778 1.063114102089905
782 1.6504912816719242
822 2.496314420270031
833 2.797051536216025
841 3.2301129831782562
863 1.0138178473872674
885 -1.6151402097101752
887 -1.6151402097101752
888 -1.6151402097101752
889 -1.6151402097101752
891 -1.6151402097101752
959 1.1250482126283905
966 1.7000385701027125
1099 1.587468638651257
1134 2.0699749109210055
1153 1.571827154391555
1179 0.9567755030484761
1202 1.28986905756082
1209 0.03189524604865612
1213 0.825516196838925
1231 1.46041295747114
1242 1.968330365976912
1253 1.259731434225224
1289 1.8077851473801791
1296 2.2462281179041437
1310 2.8775859954586522
1321 3.102068796366922
1334 1.98532402967483
1358 2.388259223739864
1371 1.1684859031935133
1393 2.1878309780438485
1471 3.257735568606761
1519 3.619960611126662
1529 3.756774791121064
1611 2.4043358663174814
1616 2.7234686930539853
1620 2.978774954443188
1632 1.5464159708436407
1642 2.0371327766749125
1661 2.995011981657555
1677 1.3960095853260444
1711 2.3334461346086686
1728 1.493405526149548
1744 0.19472442091963837
1748 0.9557795367357107
1790 2.4413591228086844
1800 0.9530872982469476
1850 2.4399806967024373
1935 3.0015876458895603
1942 3.2012701167116484
1954 0.2488128746954552
1969 0.9990502997563642
1975 1.5992402398050913
2031 2.0793921918440734
2057 2.7708110027802073
2104 3.016648802224166
2114 3.213319041779333
2137 2.445219349391019
2140 2.756175479512815
2153 3.0049403836102524
2162 3.203952306888202
2175 1.563161845510562
2200 2.0505294764084496
2213 0.6404235811267598
2223 1.3123388649014078
2226 1.8498710919211263
2235 2.2798968735369014
2267 3.2954457594007156
2276 3.4363566075205725
2283 3.5490852860164583
2286 3.639268228813167
2299 1.9114145830505338
2303 2.329131666440427
2305 2.6633053331523415
2308 2.930644266521873
2314 3.1445154132174986
2323 1.5156123305739992
2327 2.40999189156736
2344 2.727993513253888
2357 2.98239481060311
2366 1.385915848482488
2369 1.9087326787859906
2387 2.6615889144230342
2413 2.929271131538427
2416 3.143416905230742
2418 3.314733524184594
2424 3.4517868193476753
2428 3.56142945547814
2433 3.649143564382512
2437 3.7193148515060095
2441 3.775451881204808
2448 3.820361504963847
2455 3.8562892039710777
2466 3.8850313631768625
2508 3.90802509054149
2529 3.926420072433192
2532 2.1411360579465537
2542 2.5129088463572433
2562 2.8103270770857947
2602 3.0482616616686355
2612 3.238609329334909
2634 3.3908874634679274
2636 3.512709970774342
2661 3.610167976619474
2698 3.8004060040291705
2717 3.8403248032233366
2722 3.8722598425786696
2737 3.918246299250349
2765 2.518142105216179
2804 2.814513684172943
2821 3.2412887578706835
2837 3.393031006296547
2839 3.5144248050372378
2842 3.6115398440297906
2864 3.751385500179066
2871 3.801108400143253
2914 3.8981675008733463
2919 3.918534000698677
2935 3.9348272005589413
2960 3.947861760447153
2993 3.9582894083577225
3012 3.966631526686178
3015 3.9733052213489426
3024 3.978644177079154
3030 3.9829153416633236
3034 2.186332273330659
3037 0.7490658186645274
3054 1.399252654931622
3062 2.335521699156238
3081 2.934733887459993
3088 3.147787109967995
3099 2.0145837503795168
3112 2.4116670003036136
3118 2.729333600242891
3134 1.1834668801943127
3145 1.7467735041554502
3155 2.1974188033243602
3157 2.557935042659488
3193 2.8463480341275904
3197 1.2770784273020723
3202 1.821662741841658
3235 0.4573301934733265
3240 1.1658641547786612
3259 1.7326913238229291
3274 1.1089224472466748
3296 1.68713795779734
3314 0.349710366237872
3345 1.0797682929902976
3354 1.6638146343922382
3361 2.131051707513791
3372 2.504841366011033
3380 2.8038730928088267
3386 3.0430984742470617
3407 3.2344787793976497
3423 3.38758302351812
3427 3.510066418814496
3441 3.686442508041278
3456 3.749154006433023
3478 3.7993232051464183
3481 3.839458564117135
3497 3.871566851293708
3499 3.8972534810349666
3512 3.934242227862379
3520 3.947393782289903
3522 3.9579150258319222
3529 3.9730656165324305
3542 3.9827619945807555
3549 3.9862095956646044
3562 3.9889676765316837
3600 3.991174141225347
3604 3.992939312980278
3608 3.9943514503842223
3619 3.9963849282459023
3621 3.997107942596722
3626 3.997686354077378
3636 3.998149083261903
3644 3.998519266609523
3652 2.1988154132876185
3661 2.8472418645040767
3669 3.077793491603262
3674 3.2622347932826097
3679 3.409787834626088
3691 3.52783026770087
3693 3.6222642141606967
3715 3.697811371328558
3750 3.758249097062847
3774 3.8065992776502773
3796 3.845279422120222
3803 3.876223537696178
3812 2.1009788301569423
3819 2.480783064125554
3828 2.7846264513004435
3849 3.027701161040355
3862 3.2221609288322837
3883 3.377728743065827
3905 3.502182994452662
3910 3.60174639556213
3915 3.6813971164497046
3921 3.745117693159764
3957 3.796094154527811
3960 2.036875323622249
3976 2.429500258897799
4004 2.7436002071182397
4008 2.9948801656945916
4011 3.1959041325556736
4023 3.485378644835631
4031 3.588302915868505
4035 3.670642332694804
4040 3.7365138661558435
4042 3.789211092924675
4052 3.8313688743397405
4062 3.8650950994717928
4065 3.8920760795774347
4069 3.9136608636619483
4076 3.9309286909295587
4084 3.9447429527436473
4090 3.9557943621949176
4105 2.825366713443798
4108 1.2602933707550386
4120 1.808234696604031
4123 2.246587757283225
4133 2.5972702058265797
4136 2.8778161646612643
4147 3.1022529317290113
4151 3.281802345383209
4160 3.425441876306567
4171 3.540353501045254
4179 3.6322828008362036
4184 3.705826240668963
4201 3.811728794028137
4221 3.84938303522251
4234 3.879506428178008
4251 3.903605142542406
4276 3.9228841140339252
4316 2.1383072912271404
4330 2.5106458329817123
4353 2.80851666638537
4361 3.046813333108296
4376 3.2374506664866365
4403 3.511968426551447
4437 3.6876597929929265
4444 3.750127834394341
4451 2.000102267515473
4455 2.4000818140123785
4463 2.720065451209903
4474 2.9760523609679224
4493 3.1808418887743377
4502 3.3446735110194705
4514 3.475738808815577
4523 3.5805910470524616
4528 3.664472837641969
4541 3.731578270113576
4553 3.8282100928726885
4560 3.862568074298151
4564 3.890054459438521
4569 3.9120435675508167
4587 3.9296348540406534
4600 3.9437078832325225
4612 3.9639730452688147
4637 3.9711784362150517
4649 3.976942748972042
4672 3.9815541991776335
4688 3.985243359342107
4692 3.988194687473686
4694 3.990555749978949
4700 3.992444599983159
4705 3.9939556799865272
4714 3.9951645439892216
4716 3.996131635191378
4720 3.996905308153102
4738 3.997524246522482
4745 3.998019397217986
4750 3.998415517774389
4754 3.9987324142195115
4761 3.9989859313756098
4769 3.999188745100488
4795 3.9993509960803904
4819 3.9994807968643125
4830 3.9995846374914503
4833 3.999667709993161
4840 3.9997341679945286
4849 3.9997873343956227
4852 3.9998298675164987
4858 3.999863894013199
4866 3.999891115210559
4880 3.999930313734758
4891 2.199944250987807
4894 2.559955400790246
4914 2.8479643206321965
4928 3.0783714565057574
4940 3.2626971652046057
4962 3.410157732163685
4964 3.5281261857309483
4967 1.822500948584759
4976 2.2580007588678073
4988 2.8851204856753965
4998 3.108096388540317
5008 3.286477110832254
5020 3.4291816886658033
5033 3.5433453509326425
5035 3.634676280746114
5039 3.707741024596891
5051 3.81295425574201
5055 3.850363404593608
5079 3.8802907236748867
5084 2.1042325789399094
5086 2.4833860631519276
5094 2.786708850521542
5098 3.0293670804172335
5102 3.2234936643337866
5104 3.37879493146703
5113 3.5030359451736244
5131 3.6024287561388997
5145 3.68194300491112
5148 3.745554403928896
5150 3.7964435231431173
5172 3.8371548185144944
5178 3.8697238548115953
5180 3.895779083849276
5183 3.916623267079421
5202 3.9332986136635375
5226 3.9466388909308305
5234 3.957311112744665
5241 3.9658488901957325
5250 3.9726791121565865
5262 3.9781432897252698
5267 3.986011705424173
5269 3.988809364339338
5272 3.9910474914714706
5289 3.9928379931771767
5297 3.9942703945417417
5303 3.9954163156333937
5310 3.9963330525067153
5316 3.997066442005372
5320 3.997653153604298
5330 3.9984980183067504
5341 3.9987984146454005
5347 3.999038731716321
5384 3.9992309853730568
5413 3.9993847882984452
5425 3.9995078306387564
5447 3.999606264511005
5453 3.999685011608804
5456 3.9997480092870434
5464 3.999798407429635
5482 3.9998387259437083
5486 3.9998709807549666
5490 3.9998967846039735
5494 3.9999174276831786
5500 3.9999339421465434
5510 3.999947153717235
5525 3.9999577229737886
5542 2.199966178379031
5549 0.7599729427032249
5552 -0.39202164583742005
5556 -0.39202164583742005
5563 -0.39202164583742005
5576 -0.39202164583742005
5577 -0.39202164583742005
5578 -0.39202164583742005
5579 -0.39202164583742005
5580 -0.39202164583742005
5581 -0.39202164583742005
5582 -0.39202164583742005
5583 -0.39202164583742005
5616 -0.39202164583742005
5631 -0.39202164583742005
5632 -0.39202164583742005
5633 -0.39202164583742005
5665 -0.39202164583742005
5677 -0.39202164583742005
5680 -0.39202164583742005
5694 -0.39202164583742005
5695 -0.39202164583742005
5696 -0.39202164583742005
5697 -0.39202164583742005
5707 -0.39202164583742005
5710 -0.39202164583742005
5729 -0.39202164583742005
5730 -0.39202164583742005
5731 -0.39202164583742005
5736 -0.39202164583742005
5742 -0.39202164583742005
5751 -0.39202164583742005
5760 -0.39202164583742005
5766 -0.39202164583742005
5772 -0.39202164583742005
5779 -0.39202164583742005
5783 -0.39202164583742005
5787 -0.39202164583742005
5828 -0.39202164583742005
5841 0.48638268333006396
5846 1.1891061466640513
5856 1.7512849173312413
5862 2.201027933864993
5864 2.5608223470919946
5879 2.8486578776735962
5891 3.0789263021388775
5898 3.263141041711102
5930 3.410512833368882
5937 3.528410266695106
5947 3.622728213356085
5962 3.6981825706848683
5966 3.758546056547895
5977 2.0068368452383165
5980 2.405469476190653
6006 2.7243755809525227
6017 2.979500464762018
6028 3.1836003718096144
6054 3.346880297447692
6057 3.4775042379581533
6080 3.5820033903665225
6088 3.665602712293218
6091 3.732482169834575
6096 3.7859857358676603
6113 3.8287885886941284
6115 3.8630308709553027
6151 2.0904246967642424
6178 2.472339757411394
6183 2.777871805929115
6189 1.2222974447432922
6202 1.7778379557946338
6208 2.2222703646357074
6213 2.577816291708566
6219 2.862253033366853
6221 3.089802426693483
6228 3.2718419413547863
6244 3.4174735530838296
6249 3.5339788424670635
6254 3.627183073973651
6258 3.7017464591789206
6267 3.7613971673431363
6294 3.8091177338745092
6306 3.8472941870996076
6310 3.8778353496796862
6312 3.9022682797437493
6318 3.921814623795
6335 3.937451699036
6371 3.9499613592288005
6394 3.9599690873830404
6402 3.9679752699064323
6406 3.9743802159251462
6412 3.979504172740117
6415 3.9836033381920934
6419 3.9868826705536753
6421 3.98950613644294
6425 3.9916049091543524
6441 3.993283927323482
6444 3.9946271418587855
6457 3.995701713487029
6473 3.9965613707896237
6484 3.997249096631699
6487 3.9977992773053597
6490 3.9982394218442883
6495 3.9985915374754306
6504 3.9988732299803447
6506 3.999098583984276
6509 3.999278867187421
6512 3.999423093749937
6549 3.99953847499995
6564 3.9996307799999604
6628 3.9997046239999685
6646 3.999763699199975
6650 3.99981095935998
6661 3.9998487674879843
6684 3.9998790139903875
6689 3.9999032111923105
6691 3.9999225689538482
6695 3.9999380551630788
6701 3.999950444130463
6734 3.9999682842434963
6737 3.9999746273947974
6743 3.999979701915838
6754 3.999983761532671
6757 3.999987009226137
6765 3.9999896073809103
6767 3.999991685904728
6772 3.999993348723783
6776 3.999994678979027
6793 3.999995743183222
6808 3.9999965945465776
6816 3.999997275637262
6830 3.99999782050981
6848 3.9999982564078485
6854 3.9999986051262786
6861 3.9999988841010232
6864 3.9999991072808188
6868 3.9999992858246554
6874 3.9999994286597245
6895 3.99999954292778
6909 3.999999634342224
6929 3.999999707473779
6933 3.999999765979023
6939 3.9999998127832184
6943 3.9999998502265752
6947 3.99999988018126
6949 3.9999999041450085
6951 3.9999999233160066
6953 3.999999938652805
6956 3.999999950922244
6960 3.999999960737795
6984 3.9999999685902363
6997 3.999999974872189
7016 3.9999999798977512
7019 3.999999983918201
7024 3.9999999871345606
7033 3.9999999917661198
7035 3.999999993412896
7038 3.9999999947303166
7041 3.999999995784253
7061 3.9999999966274027
7066 3.9999999973019227
7076 3.999999998273231
7084 3.999999998618585
7089 3.999999998894868
7096 3.9999999991158948
7115 3.999999999292716
7120 2.199999999434173
7123 2.5599999995473386
7125 2.847999999637871
7143 3.078399999710297
7159 3.2627199997682377
7164 3.41017599981459
7171 3.5281407998516725
7179 3.6225126398813385
7208 3.698010111905071
7216 3.758408089524057
7228 3.8067264716192453
7231 3.8453811772953967
7241 3.8763049418363176
7243 3.9010439534690544
7248 3.9208351627752434
7254 3.9366681302201947
7257 3.9493345041761563
7259 3.959467603340925
7270 3.9675740826727397
7276 3.974059266138192
7289 3.9792474129105537
7297 3.983397930328443
7318 3.986718344262754
7339 3.989374675410203
7342 3.9914997403281625
7355 3.99319979226253
7364 3.9945598338100243
7366 3.99564786704802
7374 3.996518293638416
7382 3.9972146349107325
7385 3.997771707928586
7404 3.9982173663428693
7408 3.998859114459437
7423 3.99908729156755
7425 3.99926983325404
7434 3.999415866603232
7450 3.9995326932825854
7487 3.999700923700855
7503 3.999760738960684
7545 3.9998085911685477
7572 3.99987749834787
7590 3.999901998678296
7597 3.9999215989426373
7603 3.9999372791541097
7610 3.9999498233232877
7614 3.99995985865863
7617 3.999967886926904
7633 3.999974309541524
7640 3.999979447633219
7686 3.9999835581065755
7696 3.9999868464852604
7738 3.9999915817505665
7740 3.9999932654004535
7760 3.9999946123203634
7764 3.9999956898562905
7771 3.9999965518850322
7775 2.199997241508026
7782 2.5599977932064206
7788 2.8479982345651367
7821 3.078398587652109
7825 3.262718870121687
7832 3.4101750960973503
7837 3.5281400768778806
7845 3.622512061502305
7853 3.698009649201844
7862 3.7584077193614753
7869 3.806726175489181
7872 3.845380940391345
7876 3.876304752313076
7902 3.901043801850461
7909 3.9208350414803688
7918 3.9366680331842954
7936 3.9594675412379496
7943 3.9675740329903597
7963 3.9740592263922876
7969 3.9792473811138303
7980 3.9833979048910644
7986 2.1867183239128516
7996 2.5493746591302813
8010 2.839499727304225
8022 3.0715997818433802
8049 3.257279825474704
8059 3.4058238603797637
8061 3.524659088303811
8073 3.6957818165144394
8082 3.7566254532115515
8087 2.0053003625692414
8102 2.404240290055393
8120 2.723392232044315
8124 2.9787137856354517
8126 3.182971028508361
8139 3.346376822806689
8148 3.477101458245351
8156 3.5816811665962813
8164 3.6653449332770256
8173 3.7322759466216207
8178 3.785820757297297
8187 3.828656605837838
8191 3.862925284670271
8196 3.8903402277362167
8198 3.912272182188974
8224 2.129817745751179
8235 2.503854196600943
8249 2.8030833572807543
8258 3.0424666858246034
8274 3.233973348659683
8280 3.3871786789277465
8305 3.5097429431421974
8334 3.6862354836110063
8341 3.748988386888805
8348 3.799190709511044
8352 3.8393525676088354
8373 3.8714820540870685
8375 3.8971856432696548
8384 3.917748514615724
8391 3.9341988116925792
8429 2.1473590493540637
8444 2.517887239483251
8458 2.8143097915866013
8463 3.0514478332692816
8465 3.2411582666154253
8468 3.3929266132923406
8501 3.5143412906338725
8504 3.6114730325070985
8512 3.689178426005679
8524 3.751342740804543
8541 3.801074192643635
8551 3.840859354114908
8560 3.8726874832919265
8564 3.898149986633541
8572 3.9185199893068328
8593 3.9478527931563736
8600 3.9582822345250994
8611 3.96662578762008
8614 2.173300630096064
8622 2.5386405040768514
8630 2.8309124032614816
8633 3.0647299226091853
8637 3.251783938087349
8645 3.401427150469879
8648 3.521141720375904
8654 3.6169133763007233
8659 3.6935307010405785
8719 3.7548245608324633
8730 3.803859648665971
8748 3.843087718932777
8758 3.8744701751462216
8765 3.8995761401169773
8775 3.9196609120935824
8786 3.9357287296748664
8802 3.948582983739893
8810 3.9588663869919145
8823 3.967093109593532
8825 3.973674487674826
8833 3.978939590139861
8843 3.983151672111889
8852 3.9865213376895117
8858 3.98921707015161
8869 3.9913736561212882
8890 3.9930989248970308
8897 3.994479139917625
8907 3.9955833119341007
8911 3.9964666495472807
8921 3.9971733196378247
8936 3.9977386557102603
8944 3.998190924568209
8960 3.9988421917236536
8968 3.999073753378923
8972 3.9992590027031385
8978 3.9994072021625113
8981 3.999525761730009
8992 3.9996206093840074
8997 3.9996964875072063
9021 3.9997571900057656
9043 3.9998057520046126
9059 3.99984460160369
9071 3.999875681282952
9081 3.999900545026362
9085 3.99992043602109
9088 3.999936348816872
9092 3.999949079053498
9095 3.9999592632427987
9098 3.9999674105942393
9116 3.9999739284753915
9128 3.9999791427803135
9147 2.199983314224251
9152 2.559986651379401
9156 2.8479893211035208
9172 3.078391456882817
9174 3.262713165506254
9184 3.4101705324050036
9190 3.5281364259240027
9220 3.6225091407392025
9234 3.698007312591362
9238 3.75840585007309
9241 3.8067246800584718
9246 3.8453797440467774
9249 3.8763037952374217
9263 3.9010430361899378
9300 3.9208344289519506
9319 3.936667543161561
9327 3.949334034529249
9336 3.9594672276233993
9338 3.96757378209872
9341 3.974059025678976
9347 3.979247220543181
9358 3.983397776434545
9385 3.986718221147636
9414 3.9893745769181086
9425 3.991499661534487
9457 3.99319972922759
9464 3.994559783382072
9468 3.9956478267056577
9475 3.9965182613645265
9484 3.997214609091621
9496 3.997771687273297
9503 3.9982173498186375
9506 3.99857387985491
9512 3.9988591038839285
9531 3.9990872831071433
9567 3.9992698264857145
9588 3.999415861188572
9592 3.9995326889508576
9597 3.999626151160686
9627 3.9997009209285492
9635 3.9997607367428394
9645 3.999808589394272
9659 2.1998468715154176
9699 2.559877497212334
9707 2.847901997769868
9713 3.0783215982158945
9715 3.262657278572716
9723 3.4101258228581726
9725 3.5281006582865384
9736 3.6224805266292313
9770 3.697984421303385
9783 3.758387537042708
9852 3.806710029634167
9854 3.8453680237073335
9863 3.876294418965867
9865 3.901035535172694
9873 3.9208284281381554
9881 3.9366627425105243
9892 3.94933019400842
9896 3.959464155206736
9911 3.967571324165389
9913 3.9740570593323117
9931 3.9792456474658495
9940 3.98339651797268
9943 3.986717214378144
9972 3.9893737715025157
9974 3.9914990172020124
9981 3.99319921376161
9990 3.994559371009288
9993 3.9956474968074307
9995 3.9965179974459444
9998 3.997214397956756
10027 3.997771518365405
10037 3.9985737717538594
10051 3.9988590174030874
10053 3.9990872139224702
10059 3.9992697711379765
10068 3.999415816910381
10070 3.9995326535283047
10076 3.9996261228226437
10086 3.999700898258115
10115 3.999760718606492
10117 3.9998085748851935
10120 3.999846859908155
10145 3.9998774879265246
10156 3.99990199034122
10168 3.999921592272976
10172 3.9999372738183814
10175 3.999949819054705
10177 3.9999598552437643
10184 3.9999678841950113
10189 2.199974307356009
10200 2.5599794458848075
10207 2.847983556707846
10212 3.0783868453662775
10221 3.262709476293022
10235 3.4101675810344174
10239 3.528134064827534
10241 3.622507251862028
10259 3.6980058014896224
10263 3.7584046411916985
10266 3.8067237129533593
10278 3.8453789703626873
10304 3.8763031762901496
10311 3.90104254103212
10322 3.920834032825696
10327 3.936667226260557
10336 3.9493337810084457
10343 3.9594670248067567
10346 3.967573619845406
10360 3.9740588958763245
10365 3.9792471167010595
10392 3.983397693360848
10399 3.9867181546886785
10403 3.989374523750943
10408 3.991499619000755
10411 3.9931996952006044
10418 3.9945597561604833
10445 3.995647804928387
10468 3.9965182439427096
10472 3.997214595154168
10488 3.9977716761233344
10496 3.998217340898668
10501 3.998573872718935
10511 3.9988590981751484
10516 3.9990872785401193
10521 3.9992698228320958
10525 3.999415858265677
10546 3.9995326866125422
10562 3.999626149290034
10568 3.999700919432027
10575 3.999760735545622
10581 3.9998085884364976
10586 3.999846870749198
10597 3.9998774965993587
10600 3.999901997279487
10602 3.9999215978235894
10606 3.999937278258872
10610 3.999949822607098
10613 3.9999598580856786
10618 3.999967886468543
10620 3.999974309174834
10640 3.999979447339867
10648 3.999983557871894
10653 3.9999868462975154
10673 3.999989477038013
10690 3.99999158163041
10712 3.9999932653043286
10724 3.999994612243463
10733 3.999995689794771
10739 3.9999965518358165
10760 3.9999972414686535
10765 3.9999977931749227
10823 3.9999982345399383
10827 3.999998587631951
10832 3.9999988701055607
10837 3.9999990960844487
10844 3.999999276867559
10850 3.9999994214940475
10856 3.9999995371952384
10860 3.999999629756191
10864 3.999999703804953
10869 3.999999763043962
10882 3.9999998104351695
10885 3.9999998483481356
10905 3.9999998786785085
10907 3.9999999029428066
10913 3.9999999223542453
10946 3.9999999378833966
10949 3.9999999503067176
10954 3.9999999602453746
10958 3.9999999681963
10965 3.9999999745570403
10971 3.999999979645632
10980 3.9999999837165054
10993 3.9999999869732044
10996 3.999999989578564
10999 3.9999999916628513
11001 3.999999993330281
11014 3.9999999946642246
11019 3.99999999573138
11040 3.999999996585104
11061 3.999999997268083
11074 3.9999999978144665
11076 3.9999999982515737
11087 3.9999999986012593
11122 3.999999998881008
11129 3.9999999991048067
11136 3.9999999992838458
11150 3.999999999427077
11158 3.9999999995416617
11172 3.9999999996333298
11202 3.999999999706664
11205 3.9999999997653317
11212 3.9999999998122657
11224 3.9999999998498126
11243 3.99999999987985
11257 3.9999999999038804
11260 2.1999999999231044
11264 2.5599999999384835
11273 2.847999999950787
11279 3.07839999996063
11281 3.262719999968504
11287 3.410175999974803
11291 3.528140799979843
11302 3.6225126399838743
11327 3.6980101119870996
11331 3.75840808958968
11338 3.8067264716717437
11347 3.845381177337395
11352 3.8763049418699165
11357 3.9010439534959334
11372 3.920835162796747
11378 3.936668130237398
11385 3.9493345041899186
11392 3.9594676033519347
11401 3.9675740826815478
11409 3.9740592661452387
11418 3.979247412916191
11447 3.983397930332953
11453 3.9867183442663627
11470 3.9893746754130905
11488 3.9914997403304726
11499 3.9931997922643783
11508 3.994559833811503
11519 3.995647867049203
11524 3.9965182936393626
11527 3.99721463491149
11532 3.997771707929192
11548 3.9982173663433533
11567 3.998573893074683
11571 3.998859114459747
11573 3.9990872915677977
11585 3.999269833254238
11593 3.9994158666033908
11614 3.9995326932827124
11619 3.9996261546261698
11626 3.999700923700936
11629 3.999760738960749
11631 3.999808591168599
11651 3.9998468729348797
11654 3.999877498347904
11667 3.9999019986783235
11682 3.9999215989426586
11684 3.9999372791541274
11687 3.999949823323302
11690 3.9999598586586416
11701 3.999967886926913
11711 3.999974309541531
11716 3.9999794476332253
11736 3.999983558106581
11757 3.999986846485265
11760 3.999989477188212
11764 3.99999158175057
11773 3.999993265400456
11789 3.999994612320365
11796 3.9999956898562923
11799 3.999996551885034
11803 3.9999972415080274
11813 3.999997793206422
11825 3.9999982345651377
11831 3.9999985876521107
11846 3.999998870121689
11852 3.9999990960973513
11871 3.9999992768778814
11898 3.999999421502305
11928 3.9999995372018438
11948 3.999999629761475
11955 3.9999997038091797
11972 3.9999997630473443
11986 3.999999810437876
11988 3.999999848350301
11995 3.9999998786802413
11998 3.999999902944193
12017 3.9999999223553546
12027 3.999999937884284
12029 3.9999999503074273
12064 3.999999960245942
12069 3.9999999681967537
12078 3.9999999745574035
12085 3.9999999796459234
12087 3.999999983716739
12096 3.9999999869733918
12103 3.999999989578714
12127 3.999999991662971
12138 3.999999993330377
12147 3.999999994664302
12155 3.999999995731442
12159 3.999999996585154
12161 3.999999997268123
12174 3.9999999978144984
12183 3.9999999982515986
12196 3.999999998601279
12216 3.999999998881023
12220 3.9999999991048183
12225 3.9999999992838546
12247 3.999999999427084
12263 3.999999999541667
12277 3.999999999633334
12289 3.9999999997066675
12291 3.9999999997653344
12316 3.9999999998122675
12319 3.9999999998498144
12322 3.9999999998798517
12346 3.9999999999038813
12353 3.999999999923105
12359 3.999999999938484
12373 3.999999999950787
12391 3.9999999999606297
12417 3.9999999999685043
12420 3.9999999999748033
12436 3.999999999979843
12445 3.9999999999838742
12450 3.999999999987099
12457 3.9999999999896794
12459 3.9999999999917435
12462 3.9999999999933946
12472 3.9999999999947162
12476 3.999999999995773
12478 3.9999999999966187
12492 3.9999999999972955
12509 3.9999999999978364
12527 3.999999999998269
12530 3.9999999999986153
12541 3.9999999999988924
12544 3.9999999999991145
12546 3.999999999999292
12563 3.9999999999994342
12575 3.999999999999548
12585 3.9999999999996385
12597 3.9999999999997113
12604 3.999999999999769
12610 3.9999999999998153
12615 3.9999999999998526
12631 3.999999999999882
12636 3.999999999999906
12640 3.9999999999999245
12644 3.9999999999999396
12650 3.999999999999952
12656 3.999999999999962
12659 3.99999999999997
12662 3.999999999999976
12688 3.9999999999999813
12696 3.999999999999985
12699 3.9999999999999885
12715 3.999999999999991
12759 3.999999999999993
12786 3.9999999999999947
12804 3.9999999999999956
12812 3.9999999999999964
12817 3.9999999999999973
12819 3.9999999999999982
12832 3.999999999999999
12835 3.999999999999999
12838 3.999999999999999
12842 3.999999999999999
12845 3.999999999999999
12852 3.999999999999999
12857 3.999999999999999
12867 3.999999999999999
12875 3.999999999999999
12879 3.999999999999999
12883 3.999999999999999
12888 3.999999999999999
12891 3.999999999999999
12909 3.999999999999999
12913 3.999999999999999
12916 3.999999999999999
12918 3.999999999999999
12928 3.999999999999999
12934 3.999999999999999
12936 3.999999999999999
12948 3.999999999999999
12959 3.999999999999999
12968 3.999999999999999
12972 3.999999999999999
12987 3.999999999999999
12998 3.999999999999999
13002 3.999999999999999
13006 3.999999999999999
13010 3.999999999999999
13012 3.999999999999999
13014 3.999999999999999
13053 3.999999999999999
13056 3.999999999999999
13058 3.999999999999999
13066 3.999999999999999
13076 3.999999999999999
13078 3.999999999999999
13098 3.999999999999999
13118 3.999999999999999
13122 3.999999999999999
13125 3.999999999999999
13128 3.999999999999999
13131 3.999999999999999
13145 3.999999999999999
13150 3.999999999999999
13158 3.999999999999999
13167 3.999999999999999
13175 3.999999999999999
13181 3.999999999999999
13190 3.999999999999999
13193 2.1999999999999993
13196 2.5599999999999996
13203 2.848
13214 3.0784000000000002
13218 3.2627200000000007
13221 3.4101760000000008
13228 3.528140800000001
13235 3.622512640000001
13240 3.6980101120000013
13258 3.7584080896000014
13271 3.806726471680001
13276 3.8453811773440014
13285 3.876304941875201
13294 3.901043953500161
13302 3.9208351628001292
13305 3.936668130240103
13339 3.949334504192083
13343 3.9594676033536667
13351 3.9675740826829333
13356 3.974059266146347
13362 3.9792474129170783
13370 3.9833979303336626
13383 3.9867183442669303
13401 3.991499740330836
13406 3.9931997922646687
13410 3.994559833811735
13424 3.995647867049388
13426 3.99651829363951
13460 3.997214634911608
13463 3.997771707929287
13467 3.9982173663434297
13478 3.9985738930747443
13488 3.998859114459796
13493 3.999087291567837
13527 3.99926983325427
13538 3.9994158666034165
13549 3.9995326932827338
13577 3.9996261546261875
13594 3.99970092370095
13604 3.9997607389607603
13607 3.999808591168608
13610 3.999846872934887
13629 3.9998774983479093
13640 3.999901998678328
13654 3.999921598942662
13665 3.99993727915413
13668 3.9999498233233046
13678 3.9999598586586442
13694 3.9999678869269157
13700 3.9999743095415328
13712 3.999979447633226
13719 3.999983558106581
13723 3.999986846485265
13734 3.999989477188212
13737 3.99999158175057
13747 3.999993265400456
13764 3.999994612320365
13768 3.9999956898562923
13776 3.999996551885034
13786 3.9999972415080274
13790 3.999997793206422
13804 3.9999982345651377
13813 3.9999985876521107
13818 3.999998870121689
13820 3.9999990960973513
13828 3.9999992768778814
13831 3.999999421502305
13836 3.9999995372018438
13858 3.999999629761475
13896 3.9999997038091797
13900 3.9999997630473443
13903 3.999999810437876
13914 3.999999848350301
13916 3.9999998786802413
13927 3.999999902944193
13938 3.9999999223553546
13950 3.999999937884284
13957 3.9999999503074273
13963 3.999999960245942
13974 3.9999999681967537
13981 3.9999999745574035
13996 3.9999999796459234
13999 3.999999983716739
14004 3.9999999869733918
14014 3.999999989578714
14019 3.999999991662971
14036 3.999999993330377
14039 3.999999994664302
14057 3.999999995731442
14064 3.999999996585154
14067 3.999999997268123
14074 3.9999999978144984
14083 3.9999999982515986
14142 3.999999998601279
14150 3.999999998881023
14160 3.9999999991048183
14173 3.9999999992838546
14180 3.999999999427084
14204 3.999999999541667
14210 3.999999999633334
14218 3.9999999997066675
14222 3.9999999997653344
14229 3.9999999998122675
14240 3.9999999998498144
14246 3.9999999998798517
14250 3.9999999999038813
14255 3.999999999923105
14264 3.999999999938484
14291 3.999999999950787
14295 3.9999999999606297
14313 3.9999999999685043
14316 3.9999999999748033
14348 3.999999999979843
14351 3.9999999999838742
14357 3.999999999987099
14362 3.9999999999896794
14366 3.9999999999917435
14372 3.9999999999933946
14376 3.9999999999947162
14385 3.999999999995773
14390 3.9999999999966187
14395 3.9999999999972955
14412 3.9999999999978364
14421 3.999999999998269
14438 3.9999999999986153
14443 3.9999999999988924
14449 3.9999999999991145
14483 3.999999999999292
14486 3.9999999999994342
14489 3.999999999999548
14491 3.9999999999996385
14505 3.9999999999997113
14508 3.999999999999769
14518 3.9999999999998153
14522 3.9999999999998526
14525 3.999999999999882
14528 3.999999999999906
14546 3.9999999999999245
14555 3.9999999999999396
14573 3.999999999999952
14591 3.999999999999962
14596 3.99999999999997
14601 3.999999999999976
14610 3.9999999999999813
14616 3.999999999999985
14629 3.9999999999999885
14638 3.999999999999991
14652 3.999999999999993
14666 3.9999999999999947
14683 3.9999999999999956
14691 3.9999999999999964
14703 3.9999999999999973
14726 3.9999999999999982
14729 3.999999999999999
14732 3.999999999999999
14734 3.999999999999999
14767 3.999999999999999
14774 3.999999999999999
14786 3.999999999999999
14793 3.999999999999999
14810 3.999999999999999
14829 3.999999999999999
14837 2.1999999999999993
14899 2.5599999999999996
14908 2.848
14915 3.0784000000000002
14928 3.2627200000000007
14931 3.4101760000000008
14943 3.528140800000001
14949 3.622512640000001
14957 3.6980101120000013
14962 3.7584080896000014
14970 3.806726471680001
14998 3.8453811773440014
15003 3.876304941875201
15022 3.901043953500161
15028 3.9208351628001292
15030 3.936668130240103
15034 3.949334504192083
15041 3.9594676033536667
15044 3.9675740826829333
15053 3.974059266146347
15061 3.9792474129170783
15067 3.9833979303336626
15079 3.9867183442669303
15094 3.9893746754135444
15105 3.991499740330836
15107 3.9931997922646687
15117 3.994559833811735
15128 3.995647867049388
15139 3.99651829363951
15148 3.997214634911608
15158 3.997771707929287
15162 3.9982173663434297
15172 3.9985738930747443
15202 3.998859114459796
