32 1.4400000000000002
176 1.6409344267058679
311 1.1232481748395555
346 1.680065961931426
373 1.7377550180071122
405 2.1902040144056896
411 2.8417305692196413
467 2.0949660514404562
488 2.298098094670011
511 2.910782780588807
539 1.2814853015433407
559 1.6201505929877382
565 1.8368963795121527
568 2.269517103609722
584 3.1139927570481785
593 1.9929553645108342
597 1.275491433286934
658 0.9299530328594626
719 1.0447404862767289
732 1.6357923890213832
735 2.1086339112171064
746 2.789525703178948
764 2.2316205625431587
778 1.785296450034527
782 2.2282371600276214
813 2.866071782417678
831 2.2928574259341423
836 1.834285940747314
839 2.2674287525978514
853 1.451154401662625
857 1.1609235213301001
863 1.7287388170640803
889 2.1829910536512642
909 1.9176914194694474
939 2.334153135575558
957 1.5960691243317489
959 1.2768552994653992
962 1.8214842395723194
985 1.8057499133262844
990 2.2445999306610274
1012 0.919388131598757
1015 1.5355105052790057
1034 1.9381813787028515
1055 2.3505451029622813
1060 2.680436082369825
1065 2.9443488658958605
1068 3.1554790927166882
1076 3.3243832741733508
1078 2.1276052954709446
1081 2.5020842363767555
1092 2.0016673891014043
1096 1.6013339112811236
1103 1.281067129024899
1121 0.6559063700607484
1123 0.5247250960485987
1127 0.419780076838879
1137 1.0686592491768827
1140 0.8549273993415062
1143 0.683941919473205
1153 0.547153535578564
1158 1.2377228284628514
1160 1.7901782627702811
1164 1.432142610216225
1166 0.9165712705383839
1191 0.7332570164307072
1207 2.327427592412522
1213 2.9295536591440143
1225 3.143642927315212
1261 3.4519314734817357
1265 2.7615451787853886
1295 2.7259111315381195
1315 3.068533199478014
1336 3.523088998132743
1339 3.618471198506195
1358 3.7558215670439656
1371 3.804657253635173
1373 3.8437258029081383
1375 3.874980642326511
1376 3.0999845138612088
1383 3.279987611088967
1385 3.4239900888711743
1387 3.53919207109694
1433 3.7640663404016337
1434 3.011253072321307
1436 1.9272019662856366
1440 2.341761573028509
1456 2.1387274067382456
1462 2.808785540312477
1463 2.2470284322499814
1464 1.7976227457999852
1467 1.4380981966399882
1470 1.9504785573119907
1471 1.5603828458495927
1473 2.048306276679674
1482 1.6386450213437393
1486 1.0487328136599934
1487 0.8389862509279947
1493 1.4711890007423958
1497 1.5815609604751335
1514 1.6521990147040855
1542 2.121759211763268
1555 1.3579258955284919
1556 1.0863407164227936
1563 1.669072573138235
1573 1.0682064468084704
1574 0.8545651574467764
1583 1.4836521259574211
1598 1.186921700765937
1611 1.7495373606127496
1620 2.5597039107921598
1632 3.078210502906983
1642 3.262568402325587
1648 3.4100547218604698
1652 3.528043777488376
1681 3.6979480175925614
1688 3.758358414074049
1689 3.0066867312592396
1731 3.205349385007392
1752 2.051423606404731
1765 2.752911108099028
1772 3.002328886479223
1788 3.2018631091833782
1865 3.790773202893768
1866 3.032618562315015
1870 2.426094849852012
1873 2.7408758798816093
1881 2.992700703905288
1885 3.194160563124231
1920 3.3553284504993846
1928 2.6842627603995077
1935 2.9474102083196065
1951 3.1579281666556858
1969 3.461074026659639
1975 3.5688592213277115
1998 3.7240699016497354
2014 2.383404737055831
2023 2.706723789644665
2056 2.965379031715732
2062 2.3723032253725855
2066 2.697842580298069
2071 2.958274064238455
2083 1.893295401112611
2104 1.514636320890089
2112 2.0117090567120712
2118 2.409367245369657
2121 2.7274937962957257
2127 2.9819950370365804
2133 3.1855960296292647
2136 3.348476823703412
2140 2.67878145896273
2148 2.943025167170184
2153 2.3544201337361472
2157 2.683536106988918
2166 2.9468288855911347
2175 3.157463108472908
2179 3.325970486778327
2213 3.4607763894226613
2223 3.568621111538129
2231 3.7239175113844025
2232 2.979134009107522
2235 3.183307207286018
2239 3.3466457658288142
2241 3.477316612663052
2252 3.6654826321043537
2253 2.932386105683483
2256 3.1459088845467864
2258 3.316727107637429
2272 3.562705348887955
2276 3.6501642791103643
2283 3.720131423288292
2290 3.7761051386306335
2293 3.8208841109045073
2299 3.856707288723606
2303 3.885365830978885
2318 3.9266341318264866
2323 3.953045844368952
2325 3.9624366754951614
2327 3.9699493403961297
2344 3.9759594723169043
2361 3.9807675778535234
2365 3.9846140622828186
2366 3.187691249826255
2376 3.4801223998888036
2385 3.6672783359288346
2387 3.733822668743068
2395 3.7870581349944548
2405 3.029646507995564
2413 3.2237172063964517
2418 3.50317901209373
2424 3.602543209674984
2428 3.6820345677399873
2433 3.74562765419199
2437 3.7965021233535925
2441 3.8372016986828745
2448 3.8697613589463
2455 3.8958090871570397
2462 3.9166472697256323
2499 3.306654252624405
2503 3.4453234020995245
2511 3.645006977343696
2535 3.7728044654999655
2542 3.8182435723999726
2562 3.8545948579199782
2570 3.8836758863359826
2571 3.106940709068786
2582 3.2855525672550288
2596 3.428442053804023
2602 3.542753643043219
2612 3.6342029144345753
2625 3.7073623315476603
2634 3.7658898652381287
2636 3.812711892190503
2665 3.904108488801538
2668 3.923286791041231
2673 3.938629432832985
2677 3.950903546266388
2681 3.960722837013111
2685 3.9685782696104885
2698 3.974862615688391
2727 3.979890092550713
2730 3.9839120740405702
2742 3.9871296592324565
2748 3.9897037273859652
2756 3.9917629819087725
2758 3.993410385527018
2778 3.9947283084216147
2790 3.9957826467372923
2797 3.996626117389834
2806 3.9973008939118673
2811 3.9978407151294943
2814 3.9982725721035957
2819 3.9986180576828767
2821 3.998894446146301
2824 3.999115556917041
2846 3.999547165141525
2851 3.9996377321132206
2862 3.999710185690577
2869 3.9997681485524614
2871 3.999814518841969
2873 3.9998516150735757
2875 3.999881292058861
2877 3.9999050336470887
2879 3.999924026917671
2885 3.999939221534137
2888 3.19995137722731
2902 2.559961101781848
2914 2.847968881425479
2917 3.078375105140384
2929 2.6101600672898457
2931 2.0881280538318765
2935 1.6705024430655013
2939 2.136401954452401
2941 2.509121563561921
2946 2.807297250849537
2958 3.04583780067963
2960 2.436670240543704
2975 2.9994689539479706
2982 3.3596601305267013
2990 3.487728104421361
3000 3.590182483537089
3008 3.7377167894637378
3012 3.7901734315709907
3015 3.8321387452567928
3024 3.8925687969643477
3037 3.9140550375714787
3046 3.931244030057183
3054 3.944995224045747
3058 3.955996179236598
3062 3.9647969433892785
3069 3.9718375547114233
3075 3.977470043769139
3079 3.981976035015311
3081 3.9855808280122487
3092 3.9884646624097995
3112 3.9907717299278396
3136 3.9952751257230537
3145 3.9962201005784435
3150 3.9969760804627548
3155 3.997580864370204
3157 3.9980646914961637
3161 3.998451753196931
3162 3.198761402557545
3167 3.359009122046036
3178 3.4872072976368287
3185 2.871812670487571
3199 3.097450136390057
3229 3.277960109112046
3235 3.4223680872896365
3240 3.537894469831709
3266 3.6303155758653674
3279 3.7634019685538354
3281 3.8107215748430683
3303 3.848577259874455
3307 3.878861807899564
3323 3.903089446319651
3324 3.122471557055721
3339 3.297977245644577
3342 3.438381796515662
3343 2.7507054372125297
3345 3.0005643497700243
3361 3.20045147981602
3366 2.6882889470822526
3372 2.1506311576658024
3380 2.520504926132642
3386 2.816403940906114
3390 3.0531231527248917
3407 2.4424985221799136
3410 2.753998817743931
3423 3.0031990541951448
3432 3.2025592433561156
3438 3.3620473946848923
3441 3.489637915747914
3443 3.591710332598331
3445 3.673368266078665
3447 3.7386946128629317
3454 3.790955690290345
3505 3.892969313428657
3507 3.9143754507429263
3512 3.131500360594341
3520 3.305200288475473
3524 3.444160230780379
3529 3.6442625476994435
3537 3.715410038159555
3539 3.7723280305276443
3540 3.0178624244221157
3542 3.214289939537693
3544 3.3714319516301545
3546 3.497145561304124
3549 3.5977164490432996
3554 3.67817315923464
3559 3.742538527387712
3564 3.835224657528136
3600 3.8945437808180072
3604 3.9156350246544056
3606 3.9325080197235245
3610 3.94600641577882
3612 3.9568051326230558
3619 3.9654441060984444
3624 3.9723552848787556
3626 3.9778842279030044
3633 3.9823073823224036
3636 3.185845905857923
3649 3.3486767246863387
3652 3.478941379749071
3661 3.6665224830394063
3669 3.7332179864315256
3674 3.786574389145221
3679 3.8292595113161765
3683 3.863407609052941
3687 3.890726087242353
3691 3.9125808697938824
3715 3.9440517566680846
3720 3.955241405334468
3724 3.9641931242675748
3727 3.97135449941406
3735 3.977083599531248
3750 3.9816668796249983
3774 3.985333503699999
3796 3.9882668029599992
3809 3.9906134423679998
3812 3.9924907538944003
3828 3.9939926031155206
3841 3.995194082492417
3849 3.9961552659939334
3867 3.9969242127951468
3871 3.997539370236118
3872 3.1980314961888947
3883 3.3584251969511163
3889 3.4867401575608934
3898 2.789392126048715
3902 3.031513700838972
3905 3.225210960671178
3910 3.380168768536943
3915 3.5041350148295543
3920 3.6033080118636436
3921 2.882646409490915
3929 3.106117127592732
3932 3.2848937020741857
3960 3.427914961659349
4004 3.5423319693274795
4008 3.633865575461984
4011 3.707092460369587
4019 3.76567396829567
4023 3.8125391746365365
4035 3.850031339709229
4038 3.880025071767384
4040 3.9040200574139075
4042 3.9232160459311265
4058 3.9385728367449016
4062 3.9508582693959218
4065 3.960686615516738
4069 3.9685492924133907
4076 3.974839433930713
4093 3.9798715471445707
4097 3.9838972377156567
4108 3.987117790172525
4110 3.98969423213802
4120 3.191755385710416
4125 3.353404308568333
4129 3.482723446854666
4133 3.586178757483733
4151 3.735154404789589
4171 3.788123523831671
4175 3.830498819065337
4179 3.86439905525227
4184 3.891519244201816
4188 3.913215395361453
4191 3.9305723162891626
4194 3.14445785303133
4198 3.3155662824250642
4201 3.452453025940051
4210 3.5619624207520415
4221 3.649569936601633
4227 2.975724759425045
4234 3.1805798075400364
4239 3.3444638460320295
4274 3.4755710768256236
4279 3.5804568614604992
4280 2.8643654891683994
4285 3.09149239133472
4291 3.273193913067776
4295 3.418555130454221
4301 3.534844104363377
4303 3.6278752834907015
4351 3.8094721451472395
4353 3.847577716117792
4361 3.878062172894234
4376 3.9024497383153873
4379 3.92195979065231
4383 3.9375678325218484
4387 3.950054266017479
4392 3.9600434128139836
4398 3.1744277842009496
4401 3.3395422273607602
4403 3.4716337818886087
4407 3.577307025510887
4424 3.6618456204087098
4437 3.729476496326968
4451 3.783581197061575
4455 3.82686495764926
4463 3.8614919661194085
4471 3.889193572895527
4474 3.9113548583164217
4487 3.929083886653138
4490 3.9432671093225107
4491 3.1546136874580086
4493 3.323690949966407
4502 3.4589527599731253
4509 3.567162207978501
4512 3.653729766382801
4514 3.722983813106241
4517 3.7783870504849935
4523 3.8227096403879948
4528 3.8581677123103963
4534 3.886534169848317
4538 3.9092273358786533
4541 3.9273818687029225
4547 3.941905494962338
4553 3.953524395969871
4556 3.9628195167758973
4560 3.9702556134207176
4564 3.976204490736574
4569 3.9809635925892595
4578 3.9847708740714074
4582 3.350253359405701
4592 3.480202687524561
4598 3.584162150019649
4605 3.6673297200157196
4607 3.7338637760125755
4612 3.7870910208100605
4615 3.8296728166480483
4616 3.063738253318439
4617 2.4509906026547514
4625 3.008633985699041
4628 3.2069071885592333
4637 3.365525750847387
4649 3.4924206006779093
4652 3.593936480542328
4657 3.675149184433862
4668 2.992095478037672
4669 2.393676382430138
4672 2.7149411059441104
4688 2.9719528847552885
4692 3.177562307804231
4694 3.342049846243385
4697 3.4736398769947083
4700 3.5789119015957667
4705 3.6631295212766135
4707 3.7305036170212906
4711 3.784402893617033
4720 3.889614281531922
4725 3.9116914252255377
4729 3.9293531401804307
4738 3.943482512144345
4745 3.954786009715476
4750 3.963828807772381
4754 3.971063046217905
4758 3.976850436974324
4761 3.981480349579459
4764 3.9851842796635673
4769 3.9881474237308536
4779 3.9905179389846834
4784 3.9924143511877466
4819 3.993931480950198
4833 3.9951451847601582
4836 3.9961161478081264
4840 3.996892918246501
4846 3.9975143345972013
4852 3.9980114676777614
4855 3.9984091741422096
4858 3.998727339313768
4866 3.998981871451014
4875 3.1993483977286497
4884 3.3594787181829195
4887 3.487582974546336
4888 2.790066379637069
4891 3.0320531037096554
4894 3.225642482967724
4903 3.3805139863741793
4911 3.5044111890993435
4914 3.6035289512794746
4928 3.68282316102358
4940 3.7462585288188643
4944 3.7970068230550913
4962 3.8700843667552585
4967 3.8960674934042068
4972 3.9168539947233656
4976 3.9334831957786927
4984 3.9467865566229543
4988 3.9574292452983633
4992 3.965943396238691
5008 3.978203773592763
5020 3.9825630188742105
5033 3.9860504150993687
5039 3.991072265663596
5042 3.992857812530877
5045 3.994286250024702
5048 3.9954290000197616
5051 3.9963432000158097
5055 3.9970745600126483
5074 3.997659648010119
5084 3.998127718408095
5086 3.998502174726476
5094 3.9988017397811815
5104 3.999041391824945
5113 3.9992331134599564
5120 3.9993864907679653
5123 3.999509192614372
5131 3.9996073540914976
5148 3.999685883273198
5150 3.9997487066185586
5156 3.199839172235878
5178 3.359871337788703
5180 3.4878970702309626
5183 3.5903176561847703
5190 3.6722541249478162
5195 3.7378032999582533
5199 3.7902426399666025
5202 3.8321941119732825
5208 3.865755289578626
5209 3.092604231662901
5225 3.2740833853303206
5232 2.6192667082642567
5234 2.0954133666114054
5241 2.4763306932891247
5250 2.7810645546312998
5259 3.0248516437050403
5262 3.2198813149640326
5264 3.375905051971226
5267 3.500724041576981
5269 3.600579233261585
5272 3.6804633866092678
5283 3.7443707092874146
5289 3.7954965674299315
5297 3.8363972539439457
5303 3.8691178031551567
5305 3.895294242524126
5308 3.132988315215441
5310 3.306390652172353
5320 3.5560900173903063
5324 3.644872013912245
5328 3.7158976111297966
5330 3.7727180889038374
5337 3.8181744711230703
5345 3.8836316615187654
5347 3.9069053292150127
5371 3.9255242633720107
5376 3.9404194106976087
5396 3.952335528558087
5400 3.96186842284647
5413 3.9694947382771764
5447 3.1804766324973937
5453 3.475505044798332
5456 3.580404035838666
5464 3.6643232286709333
5486 3.731458582936747
5490 3.785166866349398
5494 3.828133493079519
5500 3.8625067944636156
5506 3.8900054355708926
5510 3.9120043484567146
5515 3.9296034787653715
5546 3.9436827830122976
5552 3.954946226409838
5553 3.1639569811278707
5556 3.3311655849022968
5557 2.6649324679218376
5564 1.7055567794699762
5567 2.164445423575981
5576 2.531556338860785
5583 2.025245071088628
5584 1.6201960568709024
5610 2.096156845496722
5616 2.476925476397378
5622 1.9815403811179024
5626 2.385232304894322
5631 2.708185843915458
5633 2.166548675132366
5634 1.733238940105893
5640 2.1865911520847146
5644 2.5492729216677716
5648 2.8394183373342177
5652 3.0715346698673747
5665 3.2572277358939
5666 2.60578218871512
5677 2.884625750972096
5678 2.3077006007776766
5680 2.6461604806221413
5681 2.116928384497713
5685 2.4935427075981704
5697 2.235867332862829
5708 1.7886938662902634
5710 2.230955093032211
5711 1.784764074425769
5731 2.227811259540615
5736 1.7822490076324922
5737 1.4257992061059939
5742 1.9406393648847953
5743 1.5525114919078362
5749 2.042009193526269
5751 2.4336073548210155
5756 1.9468858838568126
5758 2.35750870708545
5760 2.6860069656683603
5766 2.1488055725346884
5767 1.7190444580277509
5772 2.1752355664222005
5773 1.7401884531377605
5779 2.1921507625102086
5780 1.753720610008167
5783 2.2029764880065335
5787 1.762381190405227
5788 1.4099049523241816
5794 1.9279239618593453
5828 2.3423391694874764
5829 1.8738713355899812
5834 2.299097068471985
5837 2.6392776547775885
5841 2.9114221238220708
5846 3.3033101592461263
5862 3.442648127396901
5891 3.7146358412272136
5893 3.771708672981771
5898 3.017366938385417
5903 3.2138935507083337
5907 3.3711148405666673
5910 3.496891872453334
5920 3.5975134979626677
5927 3.678010798370134
5930 3.7424086386961077
5959 3.7939269109568867
5960 3.0351415287655095
5962 3.228113223012408
5974 3.382490578409927
5977 3.5059924627279413
5980 3.604793970182353
5985 3.683835176145883
5988 3.7470681409167064
6006 3.7976545127333656
6012 3.8381236101866927
6017 3.8704988881493545
6022 3.896399110519484
6028 3.917119288415587
6043 3.9336954307324694
6047 3.946956344585976
6051 3.9575650756687812
6054 3.9660520605350253
6057 3.9728416484280205
6080 3.978273318742416
6088 3.9826186549939333
6096 3.9860949239951466
6101 3.9888759391961175
6109 3.9911007513568943
6113 3.992880601085516
6151 3.994304480868413
6154 3.9954435846947307
6176 3.9963548677557847
6180 3.9970838942046276
6198 3.9976671153637025
6199 3.1981336922909622
6202 3.3585069538327703
6205 3.4868055630662163
6208 3.589444450452973
6213 3.6715555603623784
6216 3.7372444482899025
6219 3.789795558631922
6221 3.8318364469055375
6228 3.86546915752443
6241 3.892375326019544
6244 3.9139002608156357
6249 3.9311202086525086
6254 3.944896166922007
6258 3.9559169335376057
6262 3.964733546830085
6265 3.9717868374640686
6267 3.9774294699712547
6290 3.981943575977004
6294 3.985554860781604
6310 3.988443888625283
6312 3.990755110900227
6318 3.9926040887201815
6323 3.9940832709761454
6328 3.995266616780916
6335 3.9962132934247334
6338 3.996970634739787
6342 3.9975765077918295
6345 3.998061206233464
6349 3.998448964986771
6369 3.998759171989417
6371 3.999007337591534
6378 3.9992058700732276
6379 3.1993646960585824
6380 2.559491756846866
6402 2.847593405477493
6404 3.0780747243819944
6406 3.262459779505596
6410 3.409967823604477
6412 3.5279742588835816
6415 3.622379407106865
6419 3.6979035256854926
6421 3.7583228205483943
6425 3.8066582564387152
6433 3.845326605150972
6441 3.0762612841207777
6444 3.2610090272966223
6449 3.4088072218372982
6452 3.527045777469839
6457 3.6216366219758713
6462 3.6973092975806976
6473 3.1662779504516463
6484 3.3330223603613174
6487 3.4664178882890537
6490 3.573134310631243
6495 3.658507448504994
6499 3.726805958803996
6502 2.9814447670431967
6504 3.185155813634558
6506 3.3481246509076463
6509 3.4784997207261172
6512 3.5827997765808943
6521 3.666239821264716
6528 3.732991857011773
6534 3.786393485609419
6542 3.8291147884875354
6545 3.863291830790028
6549 3.890633464632023
6553 3.912506771705618
6556 3.9300054173644945
6564 3.9440043338915958
6570 3.955203467113277
6580 3.9641627736906218
6589 3.971330218952498
6611 3.977064175161998
6619 3.1816513401295987
6625 2.545321072103679
6628 2.836256857682943
6646 3.069005486146355
6650 3.2552043889170843
6661 3.4041635111336674
6671 3.523330808906934
6681 3.6186646471255477
6689 3.694931717700438
6691 3.7559453741603503
6695 3.8047562993282806
6701 3.843805039462625
6704 3.8750440315701002
6715 3.9000352252560804
6721 3.9200281802048647
6734 3.936022544163892
6737 3.948818035331114
6741 3.959054428264891
6743 3.9672435426119135
6750 3.9737948340895306
6754 3.979035867271625
6757 3.9832286938173
6760 3.98658295505384
6762 3.989266364043072
6765 3.991413091234458
6767 3.9931304729875663
6772 3.9945043783900536
6776 3.9956035027120427
6780 3.996482802169634
6784 3.997186241735707
6793 3.9977489933885657
6802 3.9981991947108524
6808 3.9985593557686823
6816 3.9990779876919573
6830 3.999262390153566
6841 3.999409912122853
6845 3.9995279296982824
6848 3.9996223437586265
6852 3.999697875006901
6854 3.999758300005521
6858 3.999806640004417
6861 3.9998453120035338
6864 3.999876249602827
6868 3.9999009996822616
6872 3.9999207997458095
6874 3.9999366397966476
6895 3.9999493118373186
6909 3.9999594494698547
6915 3.999967559575884
6929 3.9999740476607073
6933 3.9999792381285664
6943 3.9999833905028535
6947 3.9999867124022828
6949 3.9999893699218267
6951 3.9999914959374614
6953 3.999993196749969
6956 3.999994557399975
6960 3.99999564591998
6964 3.999996516735984
6968 3.999997213388787
6972 3.9999977707110297
7016 3.999998216568824
7023 3.999998573255059
7027 3.1999988586040473
7029 3.3599990868832377
7033 3.4879992695065907
7035 3.5903994156052725
7038 3.6723195324842184
7041 3.7378556259873745
7049 3.7902845007899
7054 3.83222760063192
7061 3.865782080505536
7066 3.892625664404429
7070 3.9141005315235438
7076 3.9312804252188354
7084 3.9450243401750686
7089 3.9560194721400554
7093 3.964815577712044
7096 3.971852462169635
7103 3.9774819697357087
7120 3.981985575788567
7123 3.9855884606308534
7125 3.9884707685046825
7133 3.990776614803746
7143 3.9926212918429966
7159 3.9940970334743975
7164 3.995277626779518
7177 3.996222101423615
7183 3.196977681138892
7187 3.357582144911114
7205 3.4860657159288913
7216 3.671082058194491
7223 3.736865646555593
7228 3.789492517244475
7231 3.8315940137955797
7235 3.8652752110364643
7241 3.892220168829172
7243 3.9137761350633378
7254 3.9448167264405365
7259 3.955853381152429
7264 3.9646827049219437
7268 3.9717461639375555
7270 3.977396931150045
7276 3.9819175449200364
7282 3.9855340359360296
7286 3.988427228748824
7289 3.9907417829990592
7297 3.9925934263992477
7304 3.994074741119398
7307 3.995259792895519
7310 3.996207834316415
7339 3.996966267453132
7342 3.997573013962506
7345 3.998058411170005
7349 3.9984467289360044
7352 3.198757383148804
7355 3.3590059065190436
7361 3.4872047252152347
7366 3.589763780172188
7371 3.6718110241377504
7374 3.7374488193102007
7382 3.7899590554481604
7385 3.8319672443585286
7406 3.8655737954868234
7408 3.892459036389459
7413 3.9139672291115675
7423 3.931173783289254
7431 3.9449390266314035
7438 3.964760977044099
7459 3.9718087816352794
7462 3.9774470253082237
7483 3.981957620246579
7487 3.985566096197263
7503 3.988452876957811
7507 3.9907623015662486
7511 3.9926098412529987
7515 3.9940878730023988
7516 3.195270298401919
7522 3.3562162387215357
7550 3.484972990977229
7553 3.5879783927817837
7560 3.6703827142254273
7597 3.736306171380342
7600 3.789044937104274
7603 3.8312359496834194
7610 3.864988759746736
7614 3.8919910077973894
7617 3.9135928062379115
7623 3.9308742449903296
7627 3.944699395992264
7633 3.955759516793811
7645 3.9646076134350485
7674 3.9716860907480394
7682 3.977348872598432
7686 3.9818790980787453
7690 3.9855032784629962
7694 3.988402622770397
7696 3.9907220982163176
7711 3.9925776785730545
7722 3.9940621428584437
7738 3.9952497142867553
7740 3.9961997714294046
7760 3.996959817143524
7764 3.997567853714819
7775 3.9980542829718555
7782 3.9984434263774844
7788 3.9987547411019877
7805 3.9990037928815907
7812 3.999203034305273
7825 3.9993624274442183
7832 3.9994899419553747
7837 3.9995919535643
7845 3.9996735628514406
7853 3.999738850281153
7862 3.999791080224923
7869 3.9998328641799388
7872 3.9998662913439516
7876 3.9998930330751614
7879 3.999914426460129
7882 3.9999315411681033
7902 3.9999452329344827
7909 3.9999561863475863
7918 3.999964949078069
7922 3.9999719592624556
7927 3.9999775674099647
7952 3.9999820539279716
7958 3.9999856431423773
7963 3.999988514513902
7966 3.999990811611122
7969 3.999992649288898
7988 3.9999941194311184
7996 3.9999952955448945
8010 3.9999962364359156
8020 3.999996989148733
8022 3.9999975913189862
8035 3.999998073055189
8039 3.9999984584441517
8049 3.999998766755321
8059 3.999999013404257
8061 3.9999992107234057
8067 3.9999993685787247
8070 3.99999949486298
8073 3.999999595890384
8087 3.9999996767123074
8102 3.9999997413698463
8120 3.999999793095877
8124 3.999999834476702
8126 3.9999998675813613
8148 3.9999998940650894
8156 3.9999999152520713
8160 3.999999932201657
8164 3.999999945761326
8170 3.999999956609061
8173 3.999999965287249
8178 3.9999999722297996
8187 3.9999999777838395
8191 3.999999982227072
8196 3.999999985781658
8224 3.9999999886253264
8235 3.9999999909002613
8249 3.999999992720209
8252 3.999999994176167
8258 3.999999995340934
8266 3.9999999962727477
8274 3.9999999970181985
8320 3.999999997614559
8323 3.9999999980916474
8327 3.999999998473318
8334 3.9999999987786543
8341 3.999999999022924
8345 3.999999999218339
8348 3.9999999993746718
8352 3.999999999499738
8373 3.9999999995997904
8375 3.999999999679832
8402 3.999999999743866
8418 3.999999999795093
8429 3.9999999998688596
8440 3.9999999998950875
8441 3.19999999991607
8444 2.559999999932856
8463 2.8479999999462846
8465 3.0783999999570275
8468 3.262719999965622
8490 3.4101759999724974
8501 3.528140799977998
8504 3.622512639982399
8516 3.6980101119859192
8530 3.7584080895887357
8533 3.8067264716709888
8541 3.845381177336791
8551 3.8763049418694333
8557 3.901043953495547
8560 3.920835162796438
8564 3.936668130237151
8568 3.9493345041897205
8572 3.9594676033517766
8575 3.9675740826814216
8578 3.9740592661451375
8583 3.97924741291611
8586 3.983397930332888
8590 3.9867183442663103
8593 3.989374675413049
8600 3.991499740330439
8607 3.9931997922643516
8614 3.994559833811482
8617 3.9956478670491853
8622 3.9965182936393484
8628 3.9972146349114785
8630 3.997771707929183
8633 3.9982173663433462
8637 3.998573893074677
8643 3.9988591144597416
8645 3.9990872915677933
8648 3.9992698332542345
8654 3.999415866603388
8659 3.9995326932827107
8662 3.999626154626169
8663 3.1997009237009353
8670 3.3597607389607482
8680 3.4878085911685988
8687 3.5902468729348795
8705 3.672197498347904
8719 3.7377579986783234
8722 3.790206398942659
8730 3.8321651191541273
8739 3.8657320953233016
8748 3.8925856762586415
8755 3.9140685410069134
8758 3.9312548328055312
8765 3.9450038662444253
8770 3.95600309299554
8773 3.964802474396432
8775 3.971841979517146
8779 3.977473583613717
8786 3.981978866890974
8794 3.985583093512779
8795 3.188466474810223
8799 3.3507731798481784
8802 3.480618543878543
8818 3.667595868082268
8823 3.7340766944658146
8843 3.787261355572652
8852 3.8298090844581223
8858 3.8638472675664977
8866 3.8910778140531983
8869 3.912862251242559
8871 3.9302898009940472
8880 3.944231840795238
8889 3.9553854726361903
8897 3.1643083781089523
8911 3.3314467024871623
8929 3.4651573619897302
8933 3.572125889591784
8936 3.657700711673427
8944 3.7261605693387416
8948 3.7809284554709937
8952 3.8247427643767953
8955 3.8597942115014368
8960 3.8878353692011496
8968 3.91026829536092
8972 3.928214636288736
8978 3.9425717090309886
8981 3.9540573672247907
8992 3.963245893779833
8997 3.9705967150238664
9001 3.976477372019093
9005 3.981181897615275
9021 3.9849455180922204
9025 3.9879564144737767
9043 3.990365131579021
9048 3.9922921052632168
9052 3.993833684210574
9059 3.9950669473684597
9076 3.9960535578947676
9081 3.196842846315814
9085 3.357474277052652
9088 3.4859794216421216
9092 3.588783537313698
9095 3.671026829850958
9098 3.7368214638807666
9104 3.7894571711046137
9134 3.8315657368836913
9144 3.8652525895069534
9147 3.8922020716055625
9152 3.91376165728445
9156 3.93100932582756
9159 3.944807460662048
9160 3.1558459685296385
9172 3.324676774823711
9174 3.459741419858969
9179 3.5677931358871753
9184 3.6542345087097408
9190 3.723387606967793
9197 3.778710085574235
9204 3.822968068459388
9213 3.8583744547675103
9234 3.886699563814008
9238 3.909359651051207
9241 3.9274877208409658
9246 3.941990176672773
9249 3.953592141338219
9256 3.962873713070575
9263 3.9702989704564606
9267 3.9762391763651683
9270 3.9809913410921345
9273 3.9847930728737078
9278 3.987834458298966
9295 3.990267566639173
9300 3.992214053311339
9307 3.9937712426490712
9311 3.995016994119257
9317 3.9960135952954055
9319 3.9968108762363244
9327 3.99744870098906
9334 3.997958960791248
9338 3.9983671686329982
9341 3.998693734906399
9347 3.99895498792512
9353 3.9991639903400964
9358 3.999331192272077
9362 3.999464953817662
9365 3.1995719630541295
9385 3.3596575704433036
9388 3.487726056354643
9392 3.5901808450837143
9405 3.6721446760669716
9414 3.7377157408535773
9423 3.790172592682862
9425 3.8321380741462896
9429 3.8657104593170315
9451 3.8925683674536256
9457 3.9140546939629006
9460 3.9312437551703203
9464 3.9449950041362563
9468 3.9559960033090054
9473 3.9647968026472045
9477 3.9718374421177636
9484 3.977469953694211
9490 3.981975962955369
9493 3.9855807703642956
9496 3.988464616291437
9500 3.9907716930331496
9503 3.99261735442652
9506 3.9940938835412165
9510 3.995275106832973
9512 3.996220085466379
9516 3.9969760683731037
9526 3.997580854698483
9531 3.9980646837587868
9535 3.9984517470070298
9567 3.998761397605624
9578 3.9990091180844995
9588 3.9992072944676
9592 3.99936583557408
9595 3.999492668459264
9597 3.9995941347674115
9601 3.9996753078139298
9627 3.999740246251144
9635 3.9997921970009154
9659 3.999833757600732
9687 3.999867006080586
9707 3.999893604864469
9713 3.9999148838915755
9718 3.99993190711326
9723 3.9999455256906087
9725 3.999956420552487
9728 3.9999651364419897
9732 3.9999721091535916
9736 3.9999776873228736
9746 3.9999821498582993
9753 3.9999857198866398
9756 3.9999885759093123
9770 3.9999908607274497
9780 3.99999268858196
9783 3.999994150865568
9792 3.999995320692455
9804 3.999996256553964
9808 3.9999970052431717
9848 3.9999976041945375
9852 3.9999980833556306
9854 3.999998466684505
9859 3.9999987733476043
9863 3.999999018678084
9865 3.9999992149424672
9873 3.999999371953974
9881 3.99999949756318
9892 3.999999598050544
9896 3.9999996784404352
9911 3.9999997427523484
9913 3.9999997942018792
9923 3.9999998353615034
9931 3.199999868289203
9940 3.359999894631362
9943 3.48799991570509
9948 3.590399932564072
9972 3.6723199460512577
9974 3.737855956841006
9978 3.790284765472805
9981 3.8322278123782443
9990 3.865782249902596
9998 3.892625799922077
10012 3.9141006399376614
10023 3.9312805119501295
10027 3.945024409560104
10030 3.956019527648084
10037 3.9648156221184676
10051 3.9718524976947744
10053 3.9774819981558194
10057 3.9819855985246555
10059 3.9855884788197242
10064 3.9884707830557797
10068 3.9907766264446236
10072 3.9926213011556992
10076 3.9940970409245597
10083 3.995277632739648
10086 3.996222106191719
10108 3.996977684953375
10112 3.9975821479627003
10115 3.9980657183701602
10117 3.9984525746961284
10120 3.9987620597569027
10139 3.999009647805522
10145 3.999207718244418
10153 3.9993661745955347
10156 3.9994929396764283
10162 3.999594351741143
10165 3.9996754813929147
10168 3.9997403851143316
10172 3.9997923080914655
10175 3.999833846473172
10177 3.9998670771785383
10189 3.9998936617428305
10196 3.999914929394264
10200 3.9999319435154117
10204 3.9999455548123297
10207 3.9999564438498636
10212 3.9999651550798907
10221 3.9999721240639126
10226 3.9999776992511302
10231 3.999982159400904
10235 3.9999857275207233
10239 3.999988582016579
10241 3.9999908656132632
10244 3.9999926924906104
10254 3.999994153992488
10259 3.999995323193991
10263 3.9999962585551927
10266 3.999997006844154
10274 3.9999976054753237
10278 3.999998084380259
10289 3.9999984675042075
10292 3.999998774003366
10304 3.9999990192026926
10311 3.9999992153621546
10322 3.9999993722897242
10327 3.999999497831779
10329 3.9999995982654237
10330 3.1999996786123392
10336 3.3599997428898716
10340 3.4879997943118974
10343 3.590399835449518
10346 3.6723198683596143
10351 3.7378558946876916
10360 3.790284715750153
10365 3.832227772600123
10368 3.8657822180800983
10369 3.0926257744640786
10373 3.2741006195712634
10380 3.419280495657011
10386 3.5354243965256087
10390 3.6283395172204873
10392 3.70267161377639
10399 3.762137291021112
10403 3.80970983281689
10408 3.8477678662535117
10411 3.8782142930028094
10418 3.9025714344022475
10422 3.922057147521798
10442 3.9376457180174382
10445 3.9501165744139506
10449 3.9600932595311606
10453 3.9680746076249287
10457 3.9744596860999435
10461 3.979567748879955
10465 3.983654199103964
10468 3.986923359283171
10472 3.9895386874265375
10488 3.9916309499412304
10491 3.9933047599529843
10496 3.9946438079623876
10501 3.9957150463699103
10511 3.9965720370959286
10516 3.997257629676743
10521 3.997806103741395
10525 3.9982448829931156
10529 3.9985959063944927
10537 3.9988767251155943
10544 3.1991013800924755
10546 3.3592811040739807
10562 3.4874248832591848
10568 3.5899399066073476
10573 3.671951925285878
10575 3.737561540228703
10581 3.7900492321829624
10586 3.83203938574637
10591 3.8656315085970965
10597 3.8925052068776775
10602 3.914004165502142
10606 3.931203332401714
10610 3.9449626659213717
10613 3.9559701327370975
10618 3.964776106189678
10625 3.9718208849517422
10633 3.9774567079613936
10640 3.9819653663691152
10648 3.9855722930952924
10653 3.9884578344762343
10657 3.9907662675809874
10661 3.9926130140647897
10673 3.9940904112518316
10688 3.995272329001465
10690 3.9962178632011724
10704 3.996974290560938
10712 3.9975794324487506
10733 3.998063545959001
10737 3.9984508367672005
10739 3.9987606694137607
10765 3.9990085355310088
10785 3.999206828424807
10790 3.9993654627398456
10823 3.9994923701918763
10827 3.9995938961535016
10832 3.999675116922801
10837 3.9997400935382412
10841 3.9997920748305935
10844 3.999833659864475
10848 3.9998669278915804
10850 3.9998935423132647
10856 3.999914833850612
10860 3.99993186708049
10864 3.9999454936643923
10869 3.9999563949315142
10873 3.999965115945211
10877 3.9999720927561695
10882 3.9999776742049358
10885 3.999982139363949
10891 3.999985711491159
10899 3.9999885691929276
10905 3.9999908553543424
10907 3.999992684283474
10913 3.9999941474267793
10918 3.9999953179414236
10922 3.999996254353139
10926 3.9999970034825116
10946 3.999997602786009
10949 3.9999980822288075
10954 3.9999984657830465
10958 3.999998772626437
10963 3.9999990181011498
10971 3.99999921448092
10975 3.999999371584736
10980 3.9999994972677895
10985 3.9999995978142318
10993 3.1999996782513858
10996 3.359999742601109
10999 3.4879997940808876
11001 3.5903998352647104
11005 3.672319868211768
11014 3.7378558945694147
11019 3.790284715655532
11024 3.8322277725244254
11028 3.8657822180195405
11036 3.8926257744156327
11040 3.9141006195325065
11058 3.9312804956260052
11061 3.9450243965008047
11066 3.9560195172006436
11072 3.964815613760515
11074 3.971852491008412
11076 3.9774819928067293
11079 3.9819855942453835
11084 3.985588475396307
11087 3.988470780317046
11098 3.9907766242536367
11110 3.9926212994029093
11122 3.9940970395223276
11129 3.9952776316178626
11136 3.99622210529429
11146 3.996977684235432
11154 3.998065717910676
11158 3.9984525743285415
11161 3.998762059462833
11168 3.999009647570267
11169 3.1992077180562135
11172 3.359366174444971
11176 3.4874929395559766
11202 3.5899943516447816
11205 3.6719954813158253
11212 3.737596385052661
11218 3.790077108042129
11221 3.832061686433703
11224 3.8656493491469623
11229 3.8925194793175697
11232 3.9140155834540558
11233 3.1312124667632446
11243 3.3049699734105955
11251 3.443975978728477
11254 3.5551807829827817
11260 3.6441446263862254
11264 3.71531570110898
11273 3.7722525608871846
11279 3.8178020487097477
11281 3.8542416389677987
11285 3.883393311174239
11287 3.906714648939391
11291 3.9253717191515127
11295 3.9402973753212107
11299 3.9522379002569688
11302 3.9617903202055755
11331 3.9694322561644606
11350 3.975545804931569
11352 3.9804366439452554
11357 3.984349315156204
11363 3.9874794521249637
11376 3.9899835616999715
11378 3.9919868493599777
11385 3.9935894794879827
11389 3.9948715835903865
11392 3.9958972668723094
11401 3.996717813497848
11409 3.997374250798279
11418 3.997899400638623
11421 3.998319520510899
11426 3.998655616408719
11432 3.9989244931269754
11435 3.999139594501581
11442 3.999311675601265
11447 3.1994493404810123
11453 3.3595594723848103
11470 3.4876475779078486
11474 3.5901180623262787
11478 3.6720944498610235
11499 3.737675559888819
11508 3.790140447911056
11519 3.8321123583288452
11524 3.865689886663076
11527 3.892551909330461
11532 3.914041527464369
11539 3.931233221971495
11542 3.944986577577196
11548 3.155989262061757
11552 3.3247914096494062
11567 3.4598331277195253
11571 3.5678665021756206
11573 3.6542932017404963
11579 3.7234345613923976
11585 3.7787476491139182
11593 3.8229981192911344
11598 3.8583984954329074
11603 3.886718796346326
11614 3.9093750370770612
11619 3.9275000296616494
11626 3.94200002372932
11631 3.9536000189834564
11635 3.962880015186765
11641 3.9703040121494118
11649 3.1762432097195297
11651 3.340994567775624
11654 3.4727956542204996
11663 3.5782365233763995
11667 3.66258921870112
11671 3.730071374960896
11682 3.7840570999687166
11684 3.8272456799749737
11687 3.8617965439799793
11690 3.8894372351839834
11693 3.9115497881471866
11701 3.9292398305177496
11711 3.9433918644142
11714 3.9547134915313604
11716 3.9637707932250885
11736 3.971016634580071
11740 3.976813307664057
11753 3.981450646131246
11757 3.9851605169049966
11760 3.988128413523998
11764 3.9905027308191983
11773 3.992402184655359
11789 3.993921747724287
11793 3.9951373981794296
11796 3.996109918543544
11799 3.9968879348348354
11803 3.997510347867869
11810 3.9980082782942956
11813 3.9984066226354367
11821 3.99872529810835
11825 3.9989802384866797
11831 3.999184190789344
11840 3.9993473526314753
11846 3.9994778821051806
11852 3.999582305684145
11871 3.999665844547316
11884 3.999732675637853
11898 3.999786140510283
11906 3.9998289124082262
11909 3.999863129926581
11913 3.9998905039412653
11948 3.9999124031530124
11955 3.9999299225224103
11959 3.9999439380179282
11972 3.999955150414343
11986 3.999964120331475
11988 3.99997129626518
11992 3.999977037012144
11995 3.9999816296097155
11998 3.9999853036877724
12003 3.9999882429502183
12007 3.999990594360175
12017 3.99999247548814
12024 3.9999939803905127
12027 3.99999518431241
12029 3.999996147449928
12033 3.999996917959943
12038 3.999997534367955
12043 3.999998027494364
12046 3.9999984219954916
12064 3.9999987375963935
12069 3.999998990077115
12078 3.9999991920616926
12085 3.999999353649354
12087 3.999999482919484
12090 3.999999586335587
12093 3.99999966906847
12096 3.999999735254776
12099 3.999999788203821
12103 3.9999998305630573
12123 3.999999864450446
12127 3.999999891560357
12133 3.9999999132482857
12138 3.999999930598629
12143 3.999999944478904
12147 3.9999999555831236
12155 3.9999999644664994
12159 3.9999999715731995
12161 3.99999997725856
12166 3.999999981806848
12183 3.999999985445479
12192 3.9999999883563833
12196 3.999999990685107
12216 3.9999999925480862
12220 3.999999994038469
12225 3.999999995230776
12229 3.999999996184621
12234 3.9999999969476967
12239 3.9999999975581577
12263 3.999999998046526
12267 3.9999999984372208
12277 3.999999998749777
12287 3.9999999989998214
12289 3.999999999199857
12291 3.9999999993598854
12298 3.9999999994879083
12316 3.999999999590327
12319 3.9999999996722613
12322 3.999999999737809
12327 3.999999999790247
12346 3.1999999998321975
12351 3.3599999998657584
12353 3.4879999998926072
12359 3.5903999999140863
12365 3.6723199999312692
12369 3.7378559999450154
12373 3.7902847999560123
12380 3.83222783996481
12388 3.865782271971848
12395 3.8926258175774784
12417 3.9141006540619827
12420 3.931280523249586
12433 3.945024418599669
12436 3.9560195348797356
12450 3.9648156279037883
12457 3.9718525023230304
12462 3.9774820018584247
12468 3.9819856014867403
12472 3.9855884811893922
12476 3.988470784951514
12481 3.9907766279612114
12506 3.9926213023689696
12509 3.9940970418951762
12516 3.9952776335161415
12520 3.9962221068129136
12524 3.9969776854503314
12527 3.997582148360265
12530 3.9980657186882125
12536 3.99845257495057
12541 3.9987620599604563
12544 3.999009647968365
12546 3.9992077183746924
12551 3.9993661746997544
12563 3.9994929397598034
12572 3.9995943518078425
12575 3.999675481446274
12585 3.9997403851570192
12593 3.999792308125616
12597 3.9998338465004926
12604 3.9998670772003946
12610 3.999893661760316
12615 3.999914929408253
12622 3.9999319435266028
12631 3.9999455548212826
12636 3.999956443857026
12640 3.9999651550856212
12644 3.9999721240684973
12650 3.9999776992547984
12653 3.9999821594038387
12656 3.999985727523071
12659 3.9999885820184566
12662 3.999990865614765
12666 3.999992692491812
12673 3.99999415399345
12679 3.99999532319476
12685 3.999996258555808
12696 3.999997006844647
12699 3.999997605475718
12703 3.9999980843805742
12708 3.9999984675044598
12712 3.9999987740035676
12715 3.9999990192028543
12718 3.9999992153622834
12759 3.9999993722898273
12768 3.999999497831862
12775 3.9999995982654895
12780 3.999999678612392
12786 3.999999742889914
12793 3.9999997943119316
12804 3.999999835449546
12812 3.9999998683596365
12817 3.9999998946877096
12819 3.999999915750168
12822 3.9999999326001348
12829 3.9999999460801083
12832 3.9999999568640865
12835 3.999999965491269
12838 3.9999999723930157
12842 3.9999999779144124
12845 3.9999999823315298
12852 3.999999985865224
12857 3.9999999886921795
12861 3.999999990953744
12864 3.9999999927629952
12867 3.9999999942103965
12875 3.9999999953683174
12879 3.9999999962946537
12883 3.999999997035723
12888 3.9999999976285787
12891 3.9999999981028633
12907 3.9999999984822905
12909 3.9999999987858326
12913 3.999999999028666
12916 3.9999999992229327
12918 3.999999999378346
12923 3.999999999502677
12928 3.9999999996021414
12934 3.9999999996817133
12936 3.999999999745371
12942 3.999999999796297
12948 3.999999999837038
12968 3.9999999998696305
12972 3.9999999998957048
12976 3.9999999999165636
12987 3.9999999999332507
12998 3.999999999946601
13002 3.9999999999572813
13006 3.9999999999658256
13010 3.999999999972661
13014 3.9999999999781286
13019 3.999999999982503
13024 3.9999999999860023
13029 3.999999999988802
13053 3.999999999991042
13056 3.9999999999928333
13058 3.999999999994267
13070 3.9999999999954134
13074 3.999999999996331
13076 3.9999999999970646
13078 3.9999999999976517
13088 3.9999999999981215
13110 3.999999999998497
13118 3.9999999999987983
13122 3.999999999999039
13125 3.9999999999992317
13128 3.9999999999993854
13131 3.999999999999509
13136 3.9999999999996074
13145 3.9999999999997495
13150 3.9999999999998
13155 3.99999999999984
13158 3.999999999999872
13167 3.999999999999898
13172 3.9999999999999183
13175 3.999999999999935
13181 3.9999999999999485
13184 3.999999999999959
13187 3.999999999999967
13193 3.9999999999999742
13196 3.9999999999999796
13200 3.999999999999984
13203 3.9999999999999876
13214 3.9999999999999902
13221 3.999999999999992
13228 3.999999999999994
13235 3.9999999999999956
13240 3.9999999999999964
13244 3.9999999999999973
13249 3.9999999999999982
13258 3.999999999999999
13271 3.999999999999999
13276 3.999999999999999
13285 3.999999999999999
13294 3.999999999999999
13302 3.999999999999999
13305 3.999999999999999
13316 3.999999999999999
13343 3.999999999999999
13351 3.999999999999999
13356 3.999999999999999
13362 3.999999999999999
13365 3.999999999999999
13372 3.999999999999999
13383 3.999999999999999
13395 3.999999999999999
13401 3.999999999999999
13406 3.999999999999999
13410 3.999999999999999
13416 3.999999999999999
13421 3.999999999999999
13424 3.999999999999999
13426 3.999999999999999
13460 3.999999999999999
13463 3.999999999999999
13467 3.999999999999999
13471 3.999999999999999
13478 3.999999999999999
13485 3.999999999999999
13488 3.999999999999999
13493 3.999999999999999
13497 3.999999999999999
13503 3.999999999999999
13511 3.999999999999999
13519 3.999999999999999
13525 3.999999999999999
13527 3.999999999999999
13555 3.999999999999999
13569 3.999999999999999
13577 3.999999999999999
13582 3.999999999999999
13598 3.999999999999999
13602 3.999999999999999
13604 3.999999999999999
13607 3.999999999999999
13610 3.999999999999999
13616 3.999999999999999
13640 3.999999999999999
13654 3.999999999999999
13665 3.999999999999999
13668 3.999999999999999
13672 3.999999999999999
13694 3.999999999999999
13700 3.999999999999999
13704 3.999999999999999
13716 3.999999999999999
13719 3.999999999999999
13723 3.999999999999999
13727 3.999999999999999
13734 3.999999999999999
13737 3.999999999999999
13747 3.999999999999999
13768 3.999999999999999
13776 3.999999999999999
13783 3.999999999999999
13786 3.999999999999999
13790 3.999999999999999
13796 3.999999999999999
13804 3.999999999999999
13813 3.999999999999999
13818 3.999999999999999
13820 3.999999999999999
13823 3.999999999999999
13828 3.999999999999999
13831 3.999999999999999
13834 3.999999999999999
13836 3.999999999999999
13841 3.999999999999999
13846 3.999999999999999
13850 3.999999999999999
13891 3.999999999999999
13896 3.999999999999999
13900 3.999999999999999
13903 3.999999999999999
13910 3.999999999999999
13914 3.999999999999999
13916 3.999999999999999
13943 3.999999999999999
13947 3.999999999999999
13950 3.999999999999999
13957 3.999999999999999
13963 3.999999999999999
13966 3.999999999999999
13979 3.999999999999999
13981 3.999999999999999
13984 3.999999999999999
13992 3.999999999999999
13996 3.999999999999999
13999 3.999999999999999
14004 3.999999999999999
14007 3.999999999999999
14014 3.999999999999999
14019 3.999999999999999
14024 3.999999999999999
14029 3.999999999999999
14036 3.999999999999999
14044 3.999999999999999
14048 3.999999999999999
14053 3.999999999999999
14057 3.999999999999999
14064 3.999999999999999
14067 3.999999999999999
14072 3.999999999999999
14078 3.999999999999999
14083 3.999999999999999
14101 3.999999999999999
14107 3.999999999999999
14111 3.999999999999999
14124 3.999999999999999
14142 3.999999999999999
14160 3.999999999999999
14165 3.999999999999999
14170 3.999999999999999
14173 3.999999999999999
14178 3.999999999999999
14180 3.999999999999999
14204 3.999999999999999
14210 3.999999999999999
14214 3.999999999999999
14218 3.999999999999999
14222 3.999999999999999
14240 3.999999999999999
14246 3.999999999999999
14250 3.999999999999999
14255 3.999999999999999
14264 3.999999999999999
14278 3.999999999999999
14291 3.999999999999999
14295 3.999999999999999
14313 3.999999999999999
14316 3.999999999999999
14320 3.999999999999999
14334 3.999999999999999
14341 3.999999999999999
14348 3.999999999999999
14351 3.999999999999999
14354 3.999999999999999
14359 3.999999999999999
14362 3.999999999999999
14366 3.999999999999999
14372 3.999999999999999
14376 3.999999999999999
14382 3.999999999999999
14385 3.999999999999999
14390 3.999999999999999
14395 3.999999999999999
14399 3.999999999999999
14403 3.999999999999999
14421 3.999999999999999
14443 3.999999999999999
14447 3.999999999999999
14449 3.999999999999999
14457 3.999999999999999
14464 3.999999999999999
14472 3.999999999999999
14483 3.999999999999999
14486 3.999999999999999
14489 3.999999999999999
14491 3.999999999999999
14505 3.999999999999999
14508 3.999999999999999
14514 3.999999999999999
14518 3.999999999999999
14522 3.999999999999999
14525 3.999999999999999
14528 3.999999999999999
14534 3.999999999999999
14546 3.999999999999999
14555 3.999999999999999
14558 3.999999999999999
14564 3.999999999999999
14569 3.999999999999999
14573 3.999999999999999
14576 3.999999999999999
14580 3.999999999999999
14596 3.999999999999999
14601 3.999999999999999
14610 3.999999999999999
14616 3.999999999999999
14619 3.999999999999999
14625 3.999999999999999
14629 3.999999999999999
14638 3.999999999999999
14649 3.999999999999999
14652 3.999999999999999
14655 3.999999999999999
14666 3.999999999999999
14677 3.999999999999999
14683 3.999999999999999
14687 3.999999999999999
14691 3.999999999999999
14703 3.999999999999999
14707 3.999999999999999
14713 3.999999999999999
14718 3.999999999999999
14726 3.999999999999999
14729 3.999999999999999
14732 3.999999999999999
14734 3.999999999999999
14738 3.999999999999999
14747 3.999999999999999
14755 3.999999999999999
14767 3.999999999999999
14770 3.999999999999999
14774 3.999999999999999
14780 3.999999999999999
14786 3.999999999999999
14791 3.999999999999999
14799 3.999999999999999
14805 3.999999999999999
14808 3.999999999999999
14810 3.999999999999999
14837 3.999999999999999
14840 3.999999999999999
14844 3.999999999999999
14847 3.999999999999999
14857 3.999999999999999
14875 3.999999999999999
14880 3.999999999999999
14899 3.999999999999999
14908 3.999999999999999
14915 3.999999999999999
14928 3.999999999999999
14931 3.999999999999999
14943 3.999999999999999
14947 3.999999999999999
14949 3.999999999999999
14962 3.999999999999999
14965 3.999999999999999
14970 3.999999999999999
14985 3.999999999999999
15003 3.999999999999999
15007 3.999999999999999
15011 3.999999999999999
15015 3.999999999999999
15022 3.999999999999999
15028 3.999999999999999
15030 3.999999999999999
15034 3.999999999999999
15037 3.999999999999999
15041 3.999999999999999
15044 3.999999999999999
15053 3.999999999999999
15061 3.999999999999999
15065 3.999999999999999
15067 3.999999999999999
15079 3.999999999999999
15085 3.999999999999999
15094 3.999999999999999
15102 3.999999999999999
15105 3.999999999999999
15107 3.999999999999999
15125 3.999999999999999
15128 3.999999999999999
15148 3.999999999999999
15158 3.999999999999999
15162 3.999999999999999
15166 3.999999999999999
15172 3.999999999999999
15178 3.999999999999999
15181 3.999999999999999
15195 3.999999999999999
15213 3.999999999999999
15233 3.999999999999999
15250 3.999999999999999
15266 3.999999999999999
15273 3.999999999999999
15281 3.999999999999999
15285 3.999999999999999
15305 3.999999999999999
15325 3.999999999999999
15327 3.999999999999999
15334 3.999999999999999
15342 3.999999999999999
15349 3.999999999999999
15352 3.999999999999999
15359 3.999999999999999
15366 3.999999999999999
15369 3.999999999999999
15371 3.999999999999999
15375 3.999999999999999
15384 3.999999999999999
15389 3.999999999999999
15394 3.999999999999999
15397 3.999999999999999
15398 3.1999999999999993
15418 3.3599999999999994
15421 3.4879999999999995
15428 3.5904
15432 3.67232
15437 3.737856
15444 3.7902848000000002
15447 3.8322278400000007
15452 3.8657822720000006
15455 3.892625817600001
15487 3.914100654080001
15498 3.931280523264001
15502 3.945024418611201
15505 3.956019534888961
15507 3.964815627911169
15509 3.971852502328935
15520 3.977482001863148
15527 3.9819856014905186
15530 3.9855884811924147
15533 3.9884707849539316
15535 3.990776627963146
15543 3.992621302370517
15548 3.9940970418964135
15551 3.995277633517131
15557 3.996222106813705
15563 3.9969776854509638
15568 3.997582148360771
15574 3.9980657186886175
15583 3.9984525749508943
15590 3.9987620599607157
15599 3.999009647968573
15605 3.9992077183748584
15607 3.9993661746998868
15611 3.99949293975991
15615 3.9995943518079278
15618 3.999675481446342
15636 3.9997403851570743
15659 3.9997923081256594
15666 3.999833846500528
15669 3.999867077200423
15674 3.9998936617603382
15676 3.9999149294082708
15683 3.999931943526617
15686 3.999945554821294
15690 3.9999564438570356
15695 3.9999651550856283
15697 3.9999721240685027
15703 3.999977699254802
15708 3.9999821594038414
15712 3.9999857275230735
15718 3.9999885820184593
15721 3.999990865614768
15727 3.9999926924918148
15732 3.999994153993452
15738 3.999995323194762
15746 3.99999625855581
15752 3.999997006844648
15754 3.999997605475719
15757 3.999998084380575
15760 3.9999984675044606
15765 3.9999987740035685
15773 3.999999019202855
15776 3.9999992153622843
15779 3.9999993722898273
15783 3.999999497831862
15786 3.9999995982654895
15790 3.999999678612392
15794 3.999999742889914
15797 3.9999997943119316
15803 3.999999835449546
15811 3.9999998683596365
15816 3.9999998946877096
15820 3.999999915750168
15822 3.9999999326001348
15826 3.9999999460801083
15842 3.9999999568640865
15845 3.999999965491269
15850 3.9999999723930157
15858 3.9999999779144124
15868 3.9999999823315298
15877 3.999999985865224
15894 3.9999999886921795
15896 3.999999990953744
15902 3.9999999927629952
15905 3.9999999942103965
15912 3.9999999953683174
15917 3.9999999962946537
15920 3.999999997035723
15924 3.9999999976285787
15926 3.9999999981028633
15931 3.9999999984822905
15934 3.9999999987858326
15938 3.999999999028666
15942 3.9999999992229327
15958 3.999999999378346
15967 3.999999999502677
15972 3.9999999996021414
15975 3.9999999996817133
15978 3.999999999745371
15985 3.999999999796297
15999 3.999999999837038
16002 3.9999999998696305
16006 3.9999999998957048
16016 3.9999999999165636
16026 3.9999999999332507
16030 3.999999999946601
16034 3.9999999999572813
16044 3.9999999999658256
16049 3.999999999972661
16053 3.9999999999781286
16059 3.999999999982503
16063 3.9999999999860023
16069 3.999999999988802
16073 3.999999999991042
16080 3.9999999999928333
16084 3.999999999994267
16088 3.9999999999954134
16116 3.999999999996331
16123 3.9999999999970646
16134 3.9999999999976517
16139 3.9999999999981215
16143 3.999999999998497
16147 3.9999999999987983
16150 3.999999999999039
16161 3.9999999999992317
16172 3.9999999999993854
16178 3.999999999999509
16183 3.9999999999996074
16186 3.9999999999996865
16193 3.9999999999997495
16201 3.9999999999998
16206 3.99999999999984
16232 3.999999999999872
16240 3.999999999999898
16245 3.9999999999999183
16249 3.999999999999935
16252 3.9999999999999485
16256 3.999999999999959
16289 3.999999999999967
16293 3.9999999999999742
16296 3.9999999999999796
16298 3.999999999999984
16301 3.9999999999999876
16306 3.9999999999999902
16318 3.999999999999992
16326 3.999999999999994
16333 3.9999999999999956
16355 3.9999999999999964
16360 3.9999999999999973
16367 3.9999999999999982
16371 3.999999999999999
16373 3.999999999999999
16377 3.999999999999999
16381 3.999999999999999
16383 3.999999999999999
16387 3.999999999999999
16394 3.999999999999999
16397 3.999999999999999
16400 3.999999999999999
16420 3.999999999999999
16427 3.999999999999999
16437 3.999999999999999
16441 3.999999999999999
16444 3.999999999999999
16448 3.999999999999999
16452 3.999999999999999
16456 3.999999999999999
16465 3.999999999999999
16471 3.999999999999999
16475 3.999999999999999
16480 3.999999999999999
16486 3.999999999999999
16509 3.999999999999999
16517 3.999999999999999
16519 3.999999999999999
16523 3.999999999999999
16555 3.999999999999999
16567 3.999999999999999
16588 3.999999999999999
16596 3.999999999999999
16604 3.999999999999999
16608 3.999999999999999
16610 3.999999999999999
16621 3.999999999999999
16625 3.999999999999999
16633 3.999999999999999
16636 3.999999999999999
16642 3.999999999999999
16647 3.999999999999999
16653 3.999999999999999
16657 3.999999999999999
16661 3.999999999999999
16666 3.999999999999999
16674 3.999999999999999
16679 3.999999999999999
16681 3.999999999999999
16686 3.999999999999999
16689 3.999999999999999
16698 3.999999999999999
16702 3.999999999999999
16714 3.999999999999999
16718 3.999999999999999
16732 3.999999999999999
16766 3.999999999999999
16772 3.999999999999999
16775 3.999999999999999
16778 3.999999999999999
16782 3.999999999999999
16788 3.999999999999999
16790 3.999999999999999
16793 3.999999999999999
16796 3.999999999999999
16806 3.999999999999999
16811 3.999999999999999
16817 3.999999999999999
16823 3.999999999999999
16826 3.999999999999999
16829 3.999999999999999
16832 3.999999999999999
16838 3.999999999999999
16843 3.999999999999999
16847 3.999999999999999
16855 3.999999999999999
16864 3.999999999999999
16870 3.999999999999999
16874 3.999999999999999
16881 3.999999999999999
16883 3.999999999999999
16886 3.999999999999999
16891 3.999999999999999
16895 3.999999999999999
16898 3.999999999999999
16906 3.999999999999999
16910 3.999999999999999
16926 3.999999999999999
16928 3.999999999999999
16933 3.999999999999999
16935 3.999999999999999
16939 3.999999999999999
16942 3.999999999999999
16945 3.999999999999999
16948 3.999999999999999
16953 3.999999999999999
16980 3.999999999999999
16986 3.999999999999999
16995 3.999999999999999
17020 3.999999999999999
17023 3.999999999999999
17026 3.999999999999999
17028 3.999999999999999
17030 3.999999999999999
17034 3.999999999999999
17040 3.999999999999999
17044 3.999999999999999
17048 3.999999999999999
17050 3.999999999999999
17053 3.999999999999999
17058 3.999999999999999
17063 3.999999999999999
17067 3.999999999999999
17071 3.999999999999999
17076 3.999999999999999
17079 3.999