305 -0.4186672640000002
394 -1.1879470489600001
416 -1.9503576391680002
468 -1.9503576391680002
469 -1.9503576391680002
470 -1.9503576391680002
502 -1.9503576391680002
641 -1.2407977688932585
773 -1.0952884576733484
806 -1.4009846129109431
832 -1.4009846129109431
840 -1.4009846129109431
856 -2.1207876903287546
934 -2.696630152263004
1038 -1.2348299317078661
1044 -1.2348299317078661
1058 -1.2348299317078661
1063 -0.887863945366293
1070 -0.887863945366293
1090 -0.6102911562930344
1093 -0.3882329250344275
1177 -0.3882329250344275
1193 -0.21058634002754203
1245 -0.06846907202203364
1252 -0.06846907202203364
1284 -0.06846907202203364
1333 -1.054775257617627
1355 -0.7438202060941017
1363 -0.7438202060941017
1381 -0.7438202060941017
1399 -0.7438202060941017
1461 -1.5950561648752815
1480 -1.5950561648752815
1495 -2.276044931900225
1524 -2.82083594552018
1527 -2.82083594552018
1597 -2.156668756416144
1610 -2.156668756416144
1615 -2.156668756416144
1723 -2.735371522628053
1724 -2.735371522628053
1743 -2.735371522628053
1755 -2.735371522628053
1771 -2.735371522628053
1774 -2.735371522628053
1775 -2.735371522628053
1776 -2.735371522628053
1777 -2.735371522628053
1859 -3.1882972181024427
1862 -3.1882972181024427
1875 -3.1882972181024427
1974 -4.40634123242781
1993 -4.40634123242781
2001 -4.40634123242781
2012 -4.40634123242781
2046 -4.40634123242781
2047 -4.40634123242781
2160 -4.5250729859422485
2161 -4.5250729859422485
2244 -4.6960467110030395
2275 -4.6960467110030395
2288 -4.6960467110030395
2302 -4.6960467110030395
2307 -4.6960467110030395
2380 -4.6960467110030395
2427 -4.6960467110030395
2439 -4.756837368802431
2440 -4.756837368802431
2443 -4.756837368802431
2447 -4.756837368802431
2476 -4.756837368802431
2506 -4.756837368802431
2567 -4.805469895041945
2601 -4.805469895041945
2660 -4.844375916033556
2667 -4.844375916033556
2679 -4.844375916033556
2683 -4.844375916033556
2725 -4.844375916033556
2803 -4.875500732826845
2841 -4.875500732826845
2884 -4.875500732826845
2904 -4.875500732826845
2913 -4.875500732826845
2992 -4.875500732826845
2998 -4.875500732826845
3049 -4.875500732826845
3056 -4.875500732826845
3060 -4.875500732826845
3061 -4.875500732826845
3120 -4.875500732826845
3148 -4.875500732826845
3159 -4.875500732826845
3160 -4.875500732826845
3165 -4.875500732826845
3183 -4.875500732826845
3192 -4.875500732826845
3201 -4.875500732826845
3261 -4.875500732826845
3264 -4.875500732826845
3273 -4.875500732826845
3313 -4.875500732826845
3322 -4.875500732826845
3341 -4.900400586261476
3353 -4.900400586261476
3370 -4.900400586261476
3371 -4.900400586261476
3477 -4.900400586261476
3536 -4.900400586261476
3561 -4.900400586261476
3673 -4.9362563752073445
3685 -4.9362563752073445
3690 -4.9362563752073445
3718 -4.9362563752073445
3722 -4.9362563752073445
3773 -4.263363264106161
3778 -4.263363264106161
3779 -4.263363264106161
3795 -4.263363264106161
3811 -4.263363264106161
3818 -4.263363264106161
3827 -4.263363264106161
3839 -4.263363264106161
3848 -4.263363264106161
3861 -4.263363264106161
3975 -4.263363264106161
4006 -4.263363264106161
4010 -4.263363264106161
4018 -4.263363264106161
4022 -4.263363264106161
4060 -4.263363264106161
4064 -4.263363264106161
4067 -4.263363264106161
4068 -4.263363264106161
4088 -4.263363264106161
4092 -4.263363264106161
4095 -4.263363264106161
4096 -4.263363264106161
4127 -4.263363264106161
4135 -4.263363264106161
4178 -4.263363264106161
4196 -4.263363264106161
4200 -4.263363264106161
4278 -4.263363264106161
4289 -4.263363264106161
4311 -4.263363264106161
4315 -4.263363264106161
4329 -4.263363264106161
4349 -4.263363264106161
4369 -4.263363264106161
4381 -4.263363264106161
4385 -4.263363264106161
4390 -4.263363264106161
4394 -4.263363264106161
4400 -4.263363264106161
4436 -4.263363264106161
4449 -4.410690611284929
4450 -4.410690611284929
4466 -4.410690611284929
4469 -4.410690611284929
4473 -4.410690611284929
4489 -4.410690611284929
4501 -4.410690611284929
4552 -3.4285524890279433
4558 -3.4285524890279433
4559 -3.4285524890279433
4577 -3.4285524890279433
4586 -3.4285524890279433
4590 -3.4285524890279433
4655 -3.4285524890279433
4671 -3.4285524890279433
4699 -3.4285524890279433
4718 -3.4285524890279433
4723 -3.7428419912223547
4727 -3.7428419912223547
4753 -3.7428419912223547
4756 -3.7428419912223547
4760 -3.7428419912223547
4767 -3.7428419912223547
4768 -3.7428419912223547
4794 -3.7428419912223547
4818 -3.7428419912223547
4829 -3.7428419912223547
4848 -3.7428419912223547
4857 -3.7428419912223547
4893 -3.7428419912223547
4913 -3.7428419912223547
4970 -4.195418874382307
4974 -4.195418874382307
4975 -4.195418874382307
5019 -4.195418874382307
5050 -4.195418874382307
5054 -4.195418874382307
5057 -4.195418874382307
5072 -4.195418874382307
5100 -4.195418874382307
5101 -4.195418874382307
5171 -4.195418874382307
5182 -4.195418874382307
5197 -4.195418874382307
5201 -4.195418874382307
5240 -4.195418874382307
5257 -4.195418874382307
5261 -4.195418874382307
5266 -4.195418874382307
5296 -4.195418874382307
5319 -4.195418874382307
5340 -4.195418874382307
5343 -4.195418874382307
5383 -4.195418874382307
5455 -4.195418874382307
5485 -4.195418874382307
5492 -4.195418874382307
5493 -4.195418874382307
5508 -4.195418874382307
5509 -4.195418874382307
5513 -4.195418874382307
5548 -4.195418874382307
5551 -4.195418874382307
5615 -4.195418874382307
5620 -4.195418874382307
5624 -4.195418874382307
5642 -4.195418874382307
5646 -4.195418874382307
5650 -4.195418874382307
5676 -4.195418874382307
5706 -4.195418874382307
5741 -4.195418874382307
5747 -4.195418874382307
5764 -4.195418874382307
5771 -4.356335099505846
5778 -4.356335099505846
5782 -4.356335099505846
5786 -4.356335099505846
5791 -4.356335099505846
5827 -4.485068079604677
5836 -4.485068079604677
5840 -4.485068079604677
5861 -4.485068079604677
5889 -4.485068079604677
5901 -4.588054463683742
5905 -4.588054463683742
5946 -4.588054463683742
5976 -4.670443570946993
5979 -4.670443570946993
5982 -4.670443570946993
6020 -4.736354856757595
6026 -4.736354856757595
6027 -4.736354856757595
6045 -4.736354856757595
6056 -4.736354856757595
6150 -4.736354856757595
6197 -4.736354856757595
6207 -4.736354856757595
6211 -4.736354856757595
6212 -4.736354856757595
6218 -4.736354856757595
6260 -4.736354856757595
6308 -4.736354856757595
6309 -4.736354856757595
6315 -4.736354856757595
6317 -4.736354856757595
6326 -4.736354856757595
6401 -4.736354856757595
6414 -4.736354856757595
6440 -4.736354856757595
6460 -4.736354856757595
6489 -4.736354856757595
6511 -4.736354856757595
6526 -4.736354856757595
6548 -4.736354856757595
6618 -4.736354856757595
6627 -4.736354856757595
6645 -4.736354856757595
6649 -4.736354856757595
6700 -4.736354856757595
6739 -4.736354856757595
6753 -4.736354856757595
6764 -4.736354856757595
6800 -4.736354856757595
6843 -4.736354856757595
6847 -4.736354856757595
6850 -4.736354856757595
6860 -4.736354856757595
6863 -4.736354856757595
6866 -4.736354856757595
6867 -4.736354856757595
6894 -4.736354856757595
6908 -4.736354856757595
6942 -4.736354856757595
6955 -4.736354856757595
6959 -4.736354856757595
6962 -4.736354856757595
6966 -4.736354856757595
6970 -4.736354856757595
6996 -4.736354856757595
7005 -4.736354856757595
7022 -4.736354856757595
7037 -4.736354856757595
7064 -4.736354856757595
7065 -4.736354856757595
7075 -4.736354856757595
7122 -4.736354856757595
7163 -4.736354856757595
7170 -4.736354856757595
7185 -4.736354856757595
7207 -4.736354856757595
7215 -4.736354856757595
7233 -4.736354856757595
7247 -4.736354856757595
7256 -4.736354856757595
7280 -4.736354856757595
7284 -4.736354856757595
7288 -4.736354856757595
7317 -4.736354856757595
7338 -4.736354856757595
7347 -4.736354856757595
7354 -4.736354856757595
7384 -4.736354856757595
7396 -4.736354856757595
7429 -4.736354856757595
7433 -4.736354856757595
7449 -4.736354856757595
7461 -4.736354856757595
7509 -4.736354856757595
7513 -4.736354856757595
7544 -4.736354856757595
7609 -4.736354856757595
7613 -4.736354856757595
7616 -4.736354856757595
7688 -4.736354856757595
7731 -4.736354856757595
7770 -4.736354856757595
7774 -4.736354856757595
7810 -4.736354856757595
7820 -4.736354856757595
7831 -4.736354856757595
7836 -4.736354856757595
7844 -4.736354856757595
7867 -4.736354856757595
7868 -4.736354856757595
7900 -4.789083885406076
7901 -4.789083885406076
7935 -4.789083885406076
7945 -4.789083885406076
7946 -4.789083885406076
7950 -4.789083885406076
7956 -4.789083885406076
7962 -4.789083885406076
7968 -4.789083885406076
8037 -4.789083885406076
8081 -4.789083885406076
8123 -4.789083885406076
8138 -4.789083885406076
8172 -4.789083885406076
8322 -3.731267108324861
8325 -3.731267108324861
8343 -3.731267108324861
8347 -3.731267108324861
8351 -3.731267108324861
8383 -3.731267108324861
8389 -3.731267108324861
8390 -3.731267108324861
8400 -3.731267108324861
8438 -3.731267108324861
8439 -3.731267108324861
8456 -3.731267108324861
8457 -3.731267108324861
8461 -3.731267108324861
8462 -3.731267108324861
8499 -3.731267108324861
8500 -3.731267108324861
8503 -3.731267108324861
8514 -3.731267108324861
8559 -3.731267108324861
8570 -3.731267108324861
8571 -3.731267108324861
8592 -3.731267108324861
8632 -3.731267108324861
8636 -3.731267108324861
8647 -3.731267108324861
8685 -3.731267108324861
8729 -3.731267108324861
8753 -3.731267108324861
8757 -3.731267108324861
8777 -3.731267108324861
8792 -3.731267108324861
8801 -3.731267108324861
8868 -3.731267108324861
8895 -3.731267108324861
8896 -3.731267108324861
8906 -3.731267108324861
8927 -3.731267108324861
8931 -3.731267108324861
8935 -3.731267108324861
8959 -3.731267108324861
8967 -3.731267108324861
8971 -3.731267108324861
8996 -3.731267108324861
9003 -3.731267108324861
9023 -3.731267108324861
9050 -3.731267108324861
9058 -3.731267108324861
9070 -3.731267108324861
9080 -3.731267108324861
9090 -3.731267108324861
9091 -3.731267108324861
9097 -3.731267108324861
9115 -3.731267108324861
9146 -3.731267108324861
9183 -3.985013686659889
9195 -3.985013686659889
9202 -3.985013686659889
9218 -3.985013686659889
9219 -3.985013686659889
9233 -3.985013686659889
9245 -3.985013686659889
9248 -3.985013686659889
9262 -3.985013686659889
9304 -3.985013686659889
9340 -3.985013686659889
9356 -3.985013686659889
9357 -3.985013686659889
9384 -3.985013686659889
9390 -3.985013686659889
9421 -3.985013686659889
9427 -3.985013686659889
9467 -3.985013686659889
9495 -3.985013686659889
9502 -3.985013686659889
9505 -3.985013686659889
9508 -3.985013686659889
9514 -3.985013686659889
9566 -3.985013686659889
9591 -3.985013686659889
9599 -3.985013686659889
9705 -3.985013686659889
9706 -3.985013686659889
9730 -3.985013686659889
9734 -3.985013686659889
9735 -3.985013686659889
9778 -3.985013686659889
9782 -3.985013686659889
9802 -3.985013686659889
9806 -3.985013686659889
9851 -3.985013686659889
9862 -3.985013686659889
9939 -3.985013686659889
9942 -3.985013686659889
9976 -3.985013686659889
9980 -3.985013686659889
9997 -3.985013686659889
10026 -3.985013686659889
10029 -3.985013686659889
10075 -3.985013686659889
10110 -3.985013686659889
10114 -3.985013686659889
10119 -3.985013686659889
10151 -3.985013686659889
10155 -3.985013686659889
10167 -3.985013686659889
10174 -3.985013686659889
10188 -3.985013686659889
10199 -3.985013686659889
10202 -3.985013686659889
10206 -3.985013686659889
10234 -3.985013686659889
10237 -3.985013686659889
10238 -3.985013686659889
10258 -3.985013686659889
10262 -3.985013686659889
10265 -3.985013686659889
10310 -3.985013686659889
10313 -3.985013686659889
10345 -3.985013686659889
10410 -3.985013686659889
10440 -3.985013686659889
10444 -3.985013686659889
10447 -3.985013686659889
10451 -3.985013686659889
10455 -3.985013686659889
10459 -3.985013686659889
10467 -3.985013686659889
10470 -3.985013686659889
10471 -3.985013686659889
10494 -3.985013686659889
10495 -3.985013686659889
10500 -3.985013686659889
10567 -3.985013686659889
10605 -3.985013686659889
10608 -3.985013686659889
10609 -3.985013686659889
10612 -3.985013686659889
10639 -3.985013686659889
10652 -3.985013686659889
10659 -3.985013686659889
10711 -3.985013686659889
10723 -3.985013686659889
10732 -3.985013686659889
10735 -3.985013686659889
10822 -3.985013686659889
10826 -3.985013686659889
10836 -3.985013686659889
10843 -3.985013686659889
10854 -3.985013686659889
10855 -3.985013686659889
10863 -3.985013686659889
10875 -3.985013686659889
10884 -3.985013686659889
10924 -3.985013686659889
10948 -3.985013686659889
10998 -3.985013686659889
11003 -3.985013686659889
11039 -3.985013686659889
11060 -3.985013686659889
11070 -3.985013686659889
11082 -3.985013686659889
11086 -3.985013686659889
11108 -3.985013686659889
11128 -3.985013686659889
11144 -3.985013686659889
11156 -3.985013686659889
11157 -3.985013686659889
11166 -3.985013686659889
11174 -3.985013686659889
11200 -3.985013686659889
11201 -3.985013686659889
11204 -3.985013686659889
11223 -3.985013686659889
11227 -3.985013686659889
11259 -3.985013686659889
11263 -3.985013686659889
11278 -3.985013686659889
11283 -3.985013686659889
11290 -3.985013686659889
11293 -3.985013686659889
11297 -3.985013686659889
11337 -3.985013686659889
11346 -3.985013686659889
11371 -3.985013686659889
11380 -3.985013686659889
11384 -3.985013686659889
11387 -3.985013686659889
11391 -3.985013686659889
11417 -3.985013686659889
11469 -4.188010949327911
11472 -4.188010949327911
11487 -4.188010949327911
11495 -4.188010949327911
11498 -4.188010949327911
11526 -4.188010949327911
11566 -4.188010949327911
11570 -4.188010949327911
11577 -4.188010949327911
11618 -4.188010949327911
11647 -4.188010949327911
11686 -4.188010949327911
11689 -4.188010949327911
11700 -4.188010949327911
11738 -4.188010949327911
11756 -4.188010949327911
11759 -4.188010949327911
11763 -4.188010949327911
11788 -4.188010949327911
11791 -4.188010949327911
11795 -4.188010949327911
11798 -4.188010949327911
11812 -4.188010949327911
11829 -4.188010949327911
11830 -4.188010949327911
11845 -4.188010949327911
11850 -4.188010949327911
11851 -4.188010949327911
11911 -4.188010949327911
11954 -4.188010949327911
11957 -4.188010949327911
11990 -4.188010949327911
11994 -4.188010949327911
12005 -4.188010949327911
12026 -4.188010949327911
12041 -4.188010949327911
12084 -4.188010949327911
12101 -4.188010949327911
12102 -4.188010949327911
12126 -4.188010949327911
12137 -4.188010949327911
12146 -4.188010949327911
12173 -4.188010949327911
12194 -4.188010949327911
12195 -4.188010949327911
12224 -4.188010949327911
12262 -4.188010949327911
12276 -4.188010949327911
12315 -4.188010949327911
12318 -4.188010949327911
12321 -4.188010949327911
12345 -4.188010949327911
12349 -4.188010949327911
12367 -4.188010949327911
12372 -4.188010949327911
12393 -4.188010949327911
12416 -4.188010949327911
12419 -4.188010949327911
12435 -4.188010949327911
12461 -4.188010949327911
12471 -4.188010949327911
12508 -4.188010949327911
12526 -4.188010949327911
12529 -4.188010949327911
12543 -4.188010949327911
12574 -4.188010949327911
12608 -4.188010949327911
12609 -4.188010949327911
12613 -4.188010949327911
12614 -4.188010949327911
12634 -4.188010949327911
12635 -4.188010949327911
12655 -4.188010949327911
12658 -4.188010949327911
12661 -4.188010949327911
12664 -4.188010949327911
12706 -4.188010949327911
12710 -4.188010949327911
12810 -4.188010949327911
12811 -4.188010949327911
12831 -4.188010949327911
12834 -4.188010949327911
12837 -4.188010949327911
12841 -4.188010949327911
12844 -4.188010949327911
12890 -4.188010949327911
12933 -4.188010949327911
12940 -4.188010949327911
12947 -4.188010949327911
12970 -4.188010949327911
12971 -4.188010949327911
12997 -4.188010949327911
13004 -4.188010949327911
13005 -4.188010949327911
13017 -4.188010949327911
13027 -4.188010949327911
13072 -4.188010949327911
13121 -4.188010949327911
13124 -4.188010949327911
13127 -4.188010949327911
13170 -4.18801