29 1.4400000000000002
175 2.451255780415898
226 1.4356655962410765
308 1.5600951220610213
310 0.9984608781190538
311 0.7987687024952431
312 0.6390149619961946
319 0.4089695756775646
373 0.1675139381975305
402 0.5977671363571357
466 2.5123560545545645
524 2.166303252452122
577 1.6873178122043893
635 1.8755713924500064
638 2.300457113960005
645 1.8403656911680042
647 1.4722925529344035
650 1.1778340423475229
661 0.7538137871024148
663 0.6030510296819318
679 1.7487621271971492
696 1.3990097017577194
830 1.213034373839962
845 0.7763419992575757
858 0.9094871036198788
882 2.0220717463167226
897 1.547300734114162
914 2.0378405872913294
956 2.1953743806931607
967 1.1240316829148984
971 1.699225346331919
982 2.1593802770655355
985 2.5275042216524284
986 2.822003377321943
990 2.4460821614860437
992 1.9568657291888352
1012 1.5654925833510682
1055 2.3628257621405977
1077 3.161766790215986
1081 2.823530745738231
1096 2.4685181934543796
1104 1.9748145547635039
1122 1.6511050520389141
1159 2.4930341034521115
1163 1.5955418262093515
1164 1.2764334609674812
1165 1.021146768773985
1173 0.816917415019188
1206 1.6466093731918596
1207 1.3172874985534877
1210 1.8538299988427902
1214 1.4830639990742323
1225 1.1864511992593858
1235 1.7491609594075088
1236 1.399328767526007
1237 1.1194630140208057
1238 1.6955704112166448
1254 1.3564563289733158
1256 0.8681320505429222
1257 1.4945056404343378
1258 1.9956045123474704
1265 1.5964836098779764
1286 2.7693996082575243
1298 2.2155196866060196
1300 2.2179325994278525
1301 1.774346079542282
1322 1.7755814909070609
1329 2.2204651927256487
1330 1.776372154180519
1331 2.2210977233444154
1336 2.5768781786755324
1359 3.0892020343523408
1372 3.0216714415883983
1376 2.733869722616575
1377 2.98709577809326
1383 3.1896766224746083
1386 3.351741297979687
1387 2.6813930383837494
1420 2.6848732356524803
1435 2.3583188708175875
1437 2.3093240773232564
1443 1.8474592618586052
1453 1.4779674094868842
1455 1.585899142071606
1456 1.268719313657285
1463 1.814975450925828
1464 1.4519803607406625
1467 1.16158428859253
1485 1.7292674308740241
1487 1.1067311557593755
1493 1.6853849246075006
1497 2.1483079396860005
1498 2.5186463517488002
1511 2.2519336651192328
1538 2.6015469320953866
1539 2.881237545676309
1543 3.1049900365410474
1544 3.283992029232838
1549 3.4271936233862705
1550 2.741754898709017
1551 2.9934039189672133
1552 2.394723135173771
1556 1.9157785081390166
1557 2.332622806511213
1563 1.8660982452089705
1564 1.4928785961671764
1574 1.1943028769337412
1582 2.2043538412375945
1599 1.7634830729900757
1600 2.210786458392061
1605 2.5686291667136487
1606 2.8549033333709195
1607 3.0839226666967354
1608 3.2671381333573883
1612 3.413710506685911
1617 3.5309684053487294
1645 2.8998197794231872
1650 3.2958846588308397
1662 3.4367077270646718
1664 2.7493661816517374
1669 2.99949294532139
1670 2.3995943562571123
1678 2.71967548500569
1689 3.180592310403642
1690 3.344473848322914
1691 3.475579078658331
1692 3.5804632629266653
1712 3.7851971906184527
1729 3.8281577524947625
1752 3.86252620199581
1753 3.8900209615966483
1757 3.9120167692773187
1765 3.929613415421855
1791 3.943690732337484
1792 3.9549525858699877
1815 3.9639620686959907
1830 3.9711696549567925
1836 3.341548579172348
1837 3.473238863337879
1840 3.5785910906703036
1841 3.6628728725362434
1865 3.027390910738557
1866 2.4219127285908457
1869 1.9375301828726768
1870 1.5500241462981414
1873 2.0400193170385132
1881 2.745612362904649
1882 2.996489890323719
1905 3.197191912258975
1908 3.35775352980718
1909 3.486202823845744
1923 3.5889622590765953
1925 3.736935845809021
1928 3.7895486766472173
1943 3.831638941317774
1950 3.8653111530542192
1991 3.0922489224433756
1998 3.2737991379547005
2017 2.8952314482910086
2018 3.116185158632807
2022 2.4929481269062457
2033 1.9943585015249967
2034 2.3954868012199975
2035 2.7163894409759983
2066 3.47423311502377
2079 2.8635091936152133
2083 3.0908073548921706
2086 2.472645883913737
2087 2.7781167071309896
2102 3.0224933657047917
2115 3.217994692563834
2119 3.3743957540510676
2120 3.4995166032408545
2122 3.0396906260741474
2133 3.2317525008593178
2141 3.3854020006874546
2142 3.508321600549964
2151 3.6853258243519766
2157 3.7482606594815815
2166 3.798608527585265
2170 3.838886822068212
2173 3.07110945765457
2179 3.2568875661236563
2180 3.405510052898925
2196 3.5244080423191404
2197 3.619526433855312
2204 3.6956211470842497
2205 3.7564969176674
2209 3.80519753413392
2210 3.8441580273071363
2211 3.875326421845709
2214 3.9002611374765674
2232 3.9202089099812545
2236 3.936167127985004
2239 3.948933702388003
2242 3.9591469619104025
2257 3.973854055622658
2258 3.1790832444981265
2290 3.5796906211830413
2293 3.663752496946433
2318 3.784801598045717
2321 3.8278412784365736
2339 3.8622730227492594
2340 3.8898184181994075
2345 3.929483787647621
2361 3.9435870301180973
2385 3.954869624094478
2395 3.9638956992755823
2434 3.3368932475363726
2462 3.5756116784232788
2467 2.860489342738623
2468 3.0883914741908987
2499 3.2170051478285924
2500 3.3736041182628744
2503 3.4988832946103
2504 3.5991066356882397
2511 3.6792853085505923
2544 3.835794077977904
2556 3.8686352623823232
2557 3.0949082099058587
2560 3.275926567924687
2570 3.4207412543397497
2571 2.7365930034718
2572 2.98927440277744
2573 3.1914195222219517
2574 3.3531356177775615
2575 3.4825084942220492
2578 3.5860067953776396
2579 3.6688054363021116
2582 3.735044349041689
2592 3.7880354792333515
2603 3.891474165367476
2620 3.9305434658351848
2621 3.144434772668148
2625 3.452438254507615
2649 3.5619506036060917
2650 3.6495604828848736
2665 3.719648386307899
2669 3.775718709046319
2670 3.8205749672370555
2673 3.8564599737896446
2674 3.885167979031716
2681 3.108134383225373
2685 3.286507506580299
2701 3.4292060052642395
2702 2.743364804211392
2703 2.9946918433691136
2704 3.195753474695291
2708 2.685282223804986
2709 2.948225779043989
2730 3.158580623235191
2739 3.3268644985881535
2742 3.4614915988705226
2743 3.5691932790964183
2761 3.655354623277135
2762 3.724283698621708
2776 3.779426958897367
2777 3.8235415671178936
2784 3.247066602955452
2791 2.4624981007131916
2792 2.7699984805705533
2793 3.0159987844564426
2794 3.212799027565154
2811 2.5702392220521233
2814 2.856191377641699
2824 3.084953102113359
2847 3.267962481690687
2848 3.4143699853525495
2849 2.73149598828204
2850 2.985196790625632
2851 2.3881574325005057
2852 2.7105259460004048
2868 2.168420756800324
2872 1.7347366054402593
2873 1.3877892843522075
2876 1.910231427481766
2877 1.5281851419854129
2878 2.0225481135883303
2879 1.6180384908706644
2882 2.0944307926965315
2902 2.4755446341572256
2910 2.780435707325781
2922 2.2243485658606246
2929 1.7794788526884997
2932 1.4235830821507998
2936 1.551093172576512
2937 1.2408745380612096
2938 1.7926996304489677
2939 1.4341597043591743
2940 1.9473277634873396
2941 1.5578622107898719
2942 2.0462897686318975
2946 2.4370318149055183
2947 2.7496254519244148
2964 2.9997003615395323
2975 3.3598082313853004
2977 2.7902772680865926
2980 3.032221814469274
2981 3.2257774515754196
2982 2.580621961260336
2990 2.864497569008269
3008 3.418622755332234
3018 3.5348982042657875
3021 3.6279185634126305
3022 3.7023348507301046
3040 3.7618678805840835
3046 3.8094943044672673
3047 3.8475954435738142
3075 3.8780763548590516
3079 3.9024610838872418
3089 3.9219688671097934
3090 3.937575093687835
3097 3.950060074950268
3101 3.960048059960214
3108 3.968038447968172
3115 3.9744307583745373
3116 3.97954460669963
3122 3.9836356853597037
3125 3.9869085482877633
3136 3.989526838630211
3150 3.9932971767233356
3162 3.9946377413786687
3163 3.9957101931029353
3167 3.9965681544823486
3178 3.9972545235858794
3181 3.997803618868704
3185 3.998242895094964
3186 3.9985943160759714
3194 3.9988754528607773
3203 3.9991003622886216
3204 3.9992802898308977
3218 3.999424231864718
3219 3.999539385491775
3230 3.9997052067147356
3231 3.999764165371789
3232 3.9998113322974316
3233 3.999849065837945
3244 3.9998792526703566
3252 3.999903402136286
3253 3.999922721709029
3254 3.9999381773672233
3266 3.999950541893779
3267 3.9999604335150236
3268 3.999968346812019
3271 3.9999746774496154
3275 3.9999797419596925
3276 3.999983793567754
3279 3.999987034854203
3280 3.9999896278833624
3281 3.19999170230669
3293 3.359993361845352
3303 3.487994689476282
3307 3.590395751581026
3324 3.6723166012648205
3356 3.8322260998475883
3365 3.865780879878071
3366 3.092624703902457
3389 2.474099763121966
3390 1.9792798104975728
3393 1.5834238483980583
3402 2.066739078718447
3405 2.4533912629747574
3408 2.762713010379806
3409 3.0101704083038454
3410 2.4081363266430764
3411 2.726509061314461
3412 2.981207249051569
3438 3.1849657992412554
3442 3.3479726393930047
3443 2.678378111514404
3444 2.9427024892115234
3445 2.3541619913692187
3447 2.1466636744763004
3448 2.5173309395810404
3449 2.0138647516648325
3454 2.411091801331866
3458 2.7288734410654927
3470 2.1830987528523944
3479 1.7464790022819157
3483 1.3971832018255326
3506 1.117746561460426
3507 0.8941972491683409
3525 0.7153577993346727
3526 0.5722862394677382
3527 1.2578289915741907
3530 1.8062631932593527
3538 1.4450105546074823
3539 1.1560084436859859
3540 0.9248067549487887
3543 1.539845403959031
3544 1.231876323167225
3545 1.78550105853378
3546 1.4284008468270242
3550 1.9427206774616195
3553 1.5541765419692957
3554 1.2433412335754366
3555 1.7946729868603493
3559 1.4357383894882796
3563 1.9485907115906238
3591 1.6376784443343995
3592 1.3101427554675196
3605 1.8481142043740157
3610 1.9827930907993703
3623 2.3862344726394964
3624 1.9089875781115972
3633 2.3271900624892776
3645 1.8617520499914222
3649 2.289401639993138
3658 2.6315213119945104
3662 2.905217049595609
3663 3.1241736396764876
3675 3.2993389117411906
3680 3.4394711293929525
3683 3.551576903514362
3687 3.6412615228114893
3688 3.7130092182491916
3709 3.770407374599354
3712 3.016325899679483
3713 3.213060719743587
3720 3.4963588606358966
3724 3.597087088508718
3731 3.7421357366455794
3735 3.7937085893164637
3759 3.8349668714531715
3763 3.09437879773003
3764 3.2755030381840244
3765 3.4204024305472194
3766 3.536321944437776
3809 3.6290575555502214
3821 3.703246044440177
3829 3.7625968355521415
3841 3.8100774684417136
3850 3.848061974753371
3851 3.078449579802697
3852 3.262759663842158
3853 3.4102077310737267
3854 3.528166184858981
3855 3.6225329478871853
3864 3.6980263583097486
3865 3.7584210866477994
3866 3.8067368693182395
3867 3.0453894954545917
3868 3.2363115963636737
3869 3.3890492770909395
3872 3.5112394216727516
3889 3.608991537338201
3892 2.887193229870561
3898 3.109754583896449
3901 3.287803667117159
3902 2.6302429336937276
3903 2.9041943469549825
3913 3.123355477563986
3929 3.438947505640951
3932 3.551158004512761
3948 3.7127411228881675
3964 3.8161543186484277
3965 3.8529234549187423
3968 3.882338763934994
4016 3.924696808918397
4020 3.939757447134718
4038 3.9518059577077747
4043 3.9614447661662195
4058 3.969155812932976
4100 3.975324650346381
4125 3.980259720277105
4149 3.984207776221684
4152 3.9873662209773473
4153 3.989892976781878
4158 3.9919143814255023
4169 3.9935315051404023
4191 3.9958601632898576
4198 3.3573505045055088
4210 3.4858804036044075
4227 3.588704322883526
4228 3.6709634583068214
4229 3.7367707666454573
4230 3.789416613316366
4231 3.831533290653093
4232 3.8652266325224742
4235 3.8921813060179797
4236 3.913745044814384
4239 3.930996035851507
4240 3.9447968286812056
4274 3.955837462944965
4285 3.9646699703559722
4291 3.971735976284778
4295 3.9773887810278223
4298 3.9819110248222582
4301 3.985528819857807
4302 3.988423055886246
4303 3.190738444708997
4304 3.3525907557671975
4305 3.482072604613758
4306 3.5856580836910066
4309 3.6685264669528053
4346 3.7348211735622447
4351 3.830285551079837
4372 3.9131062021528775
4373 3.9304849617223026
4379 3.944387969377842
4383 3.955510375502274
4387 3.9644083004018196
4388 3.971526640321456
4397 3.977221312257165
4398 3.1817770498057323
4404 3.345421639844586
4405 3.4763373118756693
4424 3.581069849500536
4445 3.664855879600429
4446 3.7318847036803433
4447 3.785507762944275
4452 3.8284062103554204
4453 3.8627249682843363
4471 3.912143979701976
4487 3.929715183761581
4494 3.9437721470092653
4503 3.9550177176074124
4506 3.9640141740859303
4509 3.171211339268744
4517 3.3369690714149955
4526 3.4695752571319964
4534 3.660528164564478
4535 3.7284225316515824
4538 3.782738025321266
4539 3.8261904202570127
4556 3.86095233620561
4565 3.8887618689644885
4574 3.911009495171591
4575 3.928807596137273
4579 3.943046076909819
4580 3.9544368615278556
4581 3.9635494892222844
4582 3.1708395913778276
4583 3.336671673102262
4584 3.46933733848181
4598 3.6603758966283584
4616 3.7283007173026865
4617 2.9826405738421493
4622 3.18611245907372
4625 3.348889967258976
4628 3.479111973807181
4642 3.5832895790457453
4652 3.666631663236596
4653 3.7333053305892774
4657 3.7866442644714224
4660 3.829315411577138
4663 3.0634523292617106
4664 3.2507618634093687
4665 3.4006094907274953
4666 3.520487592581996
4669 3.616390074065597
4697 3.6931120592524778
4701 3.754489647401982
4707 3.803591717921586
4711 3.8428733743372687
4721 3.874298699469815
4725 3.8994389595758525
4729 3.919551167660682
4758 3.9356409341285454
4764 3.9485127473028365
4765 3.9588101978422694
4779 3.9670481582738155
4780 3.9736385266190526
4783 3.9789108212952424
4784 3.1831286570361943
4785 3.346502925628956
4786 3.4772023405031645
4787 3.5817618724025317
4797 3.6654094979220257
4798 3.732327598337621
4809 3.785862078670097
4810 3.8286896629360774
4813 3.862951730348862
4824 3.89036138427909
4836 3.9122891074232724
4843 3.9298312859386177
4846 3.9438650287508947
4855 3.9550920230007156
4859 3.9640736184005725
4876 3.9712588947204583
4884 3.9770071157763667
4887 3.981605692621094
4888 3.1852845540968753
4889 3.3482276432775
4903 3.478582114622
4910 3.5828656916976005
4911 2.8662925533580808
4925 3.0930340426864644
4930 3.2744272341491714
4931 3.4195417873193374
4932 3.53563342985547
4941 3.628506743884376
4944 3.702805395107501
4952 3.762244316086001
4955 3.8097954528688005
4968 3.8478363622950402
4972 3.8782690898360324
4992 3.902615271868826
5021 3.922092217495061
5030 3.937673773996049
5031 3.950139019196839
5045 3.960111215357471
5048 3.968088972285977
5052 3.9744711778287813
5070 3.9795769422630256
5074 3.9836615538104203
5119 3.986929243048336
5120 3.189543394438669
5123 3.3516347155509356
5142 3.481307772440749
5151 3.5850462179525993
5152 3.6680369743620798
5155 3.734429579489664
5156 2.9875436635917314
5157 3.1900349308733853
5158 3.3520279446987082
5159 3.481622355758967
5190 3.585297884607174
5195 3.6682383076857397
5199 3.7345906461485923
5208 3.7876725169188736
5209 3.0301380135350993
5210 3.2241104108280796
5211 3.379288328662464
5213 3.602744530343977
5214 3.682195624275182
5231 3.7457564994201453
5232 2.9966051995361163
5235 2.397284159628893
5236 2.7178273277031146
5243 3.343527591783995
5253 3.4748220734271964
5259 3.5798576587417577
5270 3.6638861269934067
5283 3.731108901594726
5298 3.784887121275781
5299 3.8279096970206252
5305 3.8623277576165007
5308 3.889862206093201
5311 3.9118897648745614
5325 3.9295118118996495
5326 3.9436094495197196
5327 3.954887559615776
5328 3.163910047692621
5337 3.3311280381540973
5345 3.464902430523278
5348 3.571921944418622
5364 3.6575375555348977
5365 3.726030044427918
5366 3.7808240355423344
5371 3.824659228433868
5376 3.859727382747095
5377 3.8877819061976764
5386 3.9102255249581415
5387 3.9281804199665133
5389 3.954035468778569
5390 3.9632283750228554
5396 3.9705827000182845
5400 3.9764661600146276
5409 3.981172928011702
5410 3.984938342409362
5411 3.9879506739274895
5414 3.9903605391419914
5415 3.992288431313593
5416 3.1938307450508745
5428 2.84405167683256
5439 3.2601930731728386
5448 3.408154458538271
5451 3.526523566830617
5506 3.6212188534644936
5511 3.696975082771595
5515 3.757580066217276
5530 3.806064052973821
5546 3.8448512423790566
5557 3.8758809939032455
5560 3.1007047951225966
5561 3.280563836098078
5564 3.4244510688784624
5567 3.5395608551027697
5584 3.631648684082216
5585 3.7053189472657726
5588 3.7642551578126184
5589 3.8114041262500953
5590 3.849123301000076
5591 3.8792986408000614
5610 3.9034389126400493
5611 3.9227511301120392
5612 3.9382009040896317
5613 3.950560723271706
5622 3.960448578617365
5626 3.9683588628938926
5634 3.974687090315114
5635 3.9797496722520913
5640 3.9837997378016734
5644 3.9870397902413393
5648 3.989631832193072
5652 3.9917054657544577
5666 3.9933643726035664
5667 3.9946914980828536
5671 3.995753198466283
5672 3.9966025587730263
5678 3.9972820470184214
5681 3.9978256376147376
5685 3.9982605100917903
5700 3.9986084080734328
5701 3.998886726458746
5704 3.9991093811669973
5708 3.999287504933598
5711 3.9994300039468786
5712 3.999544003157503
5734 3.9996352025260027
5737 3.1997081620208023
5738 3.3597665296166417
5739 3.4878132236933137
5743 3.5902505789546515
5749 3.6722004631637217
5754 3.737760370530977
5755 3.7902082964247823
5756 3.032166637139826
5757 3.2257333097118606
5758 2.5805866477694885
5767 2.8644693182155914
5768 3.0915754545724736
5769 3.273260363657979
5773 3.4186082909263833
5774 3.534886632741107
5780 3.627909306192886
5788 3.7023274449543093
5789 3.7618619559634476
5793 3.8094895647707583
5794 3.0475916518166066
5820 3.2380733214532853
5829 3.390458657162628
5830 3.5123669257301025
5831 3.609893540584082
5834 3.687914832467266
5838 3.7503318659738127
5844 3.80026549277905
5872 3.84021239422324
5875 3.872169915378592
5881 3.897735932302874
5893 3.9181887458422997
5899 3.13455099667384
5903 3.3076407973390722
5907 3.4461126378712583
5910 3.556890110297007
5920 3.6455120882376058
5923 3.7164096705900844
5927 3.773127736472068
5939 3.8185021891776545
5959 3.8548017513421238
5960 3.083841401073699
5963 3.267073120858959
5964 3.4136584966871677
5974 3.5309267973497347
5985 3.6247414378797878
5988 3.6997931503038304
5989 3.7598345202430643
5990 3.807867616194452
6002 3.846294092955562
6003 3.8770352743644496
6004 3.9016282194915597
6018 3.9370420604745986
6022 3.9496336483796792
6023 3.959706918703744
6024 3.9677655349629957
6043 3.9742124279703965
6047 3.9793699423763176
6048 3.9834959539010546
6051 3.986796763120844
6052 3.9894374104966754
6073 3.9915499283973404
6076 3.9932399427178726
6077 3.9945919541742985
6101 3.995673563339439
6102 3.996538850671551
6109 3.997231080537241
6116 3.997784864429793
6127 3.9982278915438343
6128 3.998582313235068
6129 3.9988658505880545
6141 3.9990926804704436
6154 3.999274144376355
6159 3.9994193155010844
6162 3.9995354524008677
6163 3.9996283619206947
6180 3.999702689536556
6181 3.9997621516292448
6184 3.9998097213033956
6195 3.9998477770427163
6199 3.999878221634173
6205 3.9999025773073384
6216 3.9999376494766974
6233 3.9999501195813583
6234 3.999960095665087
6241 3.9999680765320695
6245 3.999974461225656
6250 3.9999795689805246
6262 3.99998365518442
6265 3.999986924147536
6275 3.9999895393180287
6276 3.9999916314544235
6281 3.999993305163539
6282 3.9999946441308314
6290 3.9999957153046655
6295 3.9999965722437327
6296 3.9999972577949867
6323 3.9999978062359896
6328 3.9999982449887916
6338 3.999998595991033
6339 3.9999988767928265
6342 3.9999991014342617
6345 3.999999281147409
6349 3.9999994249179274
6365 3.9999995399343424
6366 3.9999996319474738
6369 3.999999705557979
6380 3.199999811557107
6398 3.3599998492456855
6399 3.4879998793965488
6403 3.5903999035172394
6404 2.8723199228137917
6410 3.0978559382510333
6423 3.4226278004806616
6426 3.5381022403845295
6433 3.6304817923076236
6442 2.904385433846099
6449 3.1235083470768794
6452 3.2988066776615037
6453 3.4390453421292033
6454 3.5512362737033625
6458 3.6409890189626903
6462 3.712791215170152
6463 2.970232972136122
6464 3.1761863777088974
6476 3.3409491021671185
6477 3.472759281733695
6478 3.578207425386956
6491 3.662565940309565
6502 3.7300527522476523
6507 3.7840422017981217
6513 3.8272337614384977
6521 3.861787009150798
6534 3.889429607320639
6535 3.911543685856511
6536 3.9292349486852087
6537 3.9433879589481675
6542 3.954710367158534
6545 3.9637682937268277
6553 3.9710146349814623
6556 3.9768117079851697
6565 3.9814493663881363
6566 3.985159493110509
6567 3.9881275944884074
6570 3.990502075590726
6571 3.9924016604725807
6572 3.9939213283780646
6580 3.995137062702452
6589 3.9961096501619613
6590 3.9968877201295694
6591 3.9975101761036553
6598 3.9980081408829244
6608 3.19840651270634
6625 3.3587252101650718
6629 3.4869801681320576
6630 3.589584134505646
6642 3.671667307604517
6647 3.7373338460836143
6664 3.7898670768668916
6667 3.8318936614935133
6668 3.865514929194811
6671 3.8924119433558486
6672 3.913929554684679
6681 3.9311436437477436
6692 3.9449149149981952
6698 3.955931931998556
6704 3.964745545598845
6705 3.9717964364790763
6706 3.9774371491832614
6721 3.981949719346609
6731 3.985559775477287
6744 3.98844782038183
6745 3.9907582563054644
6746 3.9926066050443714
6750 3.9940852840354975
6777 3.996214581782719
6780 3.9969716654261758
6781 3.997577332340941
6784 3.998061865872753
6795 3.998449492698202
6798 3.998759594158562
6802 3.99900767532685
6812 3.9992061402614807
6813 3.9993649122091846
6814 3.9994919297673475
6841 3.9995935438138783
6845 3.9996748350511027
6852 3.9997398680408827
6855 3.9997918944327067
6858 3.9998335155461655
6869 3.9998668124369328
6872 3.999893449949546
6890 3.999914759959637
6891 3.9999318079677098
6892 3.999945446374168
6896 3.999956357099335
6897 3.9999650856794684
6912 3.999972068543575
6915 3.9999776548348605
6916 3.9999821238678885
6919 3.999985699094311
6926 3.999988559275449
6930 3.999990847420359
6931 3.9999926779362873
6957 3.9999941423490304
6964 3.999995313879224
6968 3.9999962511033793
6972 3.9999970008827033
6990 3.9999976007061626
7000 3.9999980805649304
7008 3.999998464451944
7009 3.9999987715615557
7028 3.9999990172492446
7029 3.199999213799396
7043 3.3599993710395166
7048 3.4879994968316135
7049 2.790399597465291
7054 3.0323196779722332
7055 3.225855742377787
7062 3.38068459390223
7070 3.504547675121784
7077 3.603638140097427
7093 3.6829105120779415
7097 3.746328409662353
7103 3.797062727729883
7104 3.837650182183906
7105 3.8701201457471255
7106 3.8960961165977004
7107 3.91687689327816
7108 3.9335015146225283
7126 3.9468012116980224
7133 3.9574409693584185
7134 3.965952775486735
7140 3.972762220389388
7151 3.9782097763115107
7152 3.9825678210492086
7155 3.986054256839367
7160 3.988843405471494
7161 3.991074724377195
7183 3.9928597795017557
7187 3.9942878236014048
7202 3.9954302588811244
7205 3.1963442071048997
7220 3.3570753656839196
7224 3.5885282340377094
7235 3.670822587230168
7236 3.7366580697841343
7237 3.7893264558273074
7244 3.831461164661846
7245 3.8651689317294773
7249 3.892135145383582
7264 3.913708116306866
7268 3.930966493045493
7282 3.9447731944363946
7286 3.955818555549116
7304 3.971723875551435
7307 3.977379100441148
7310 3.9819032803529186
7320 3.9855226242823347
7321 3.988418099425868
7336 3.990734479540694
7345 3.992587583632555
7349 3.994070066906044
7352 3.1952560535248353
7361 3.356204842819868
7371 3.484963874255895
7398 3.587971099404716
7413 3.670376879523773
7427 3.7363015036190186
7431 3.7890412028952154
7435 3.8312329623161725
7438 3.8649863698529385
7439 3.8919890958823506
7455 3.9135912767058807
7456 3.9308730213647047
7459 3.9446984170917636
7483 3.9557587336734112
7484 3.964606986938729
7485 3.971685589550983
7500 3.977348471640787
7504 3.9818787773126294
7507 3.9855030218501035
7511 3.988402417480083
7515 3.9907219339840667
7516 3.1925775471872537
7522 3.354062037749803
7525 3.4832496301998424
7534 3.586599704159874
7535 3.669279763327899
7536 3.7354238106623194
7537 3.7883390485298554
7550 3.830671238823885
7551 3.864536991059108
7560 3.891629592847287
7561 3.91330367427783
7562 3.930642939422264
7563 3.944514351537811
7564 3.9556114812302487
7574 3.964489184984199
7582 3.971591347987359
7583 3.9772730783898878
7584 3.98181846271191
7592 3.985454770169528
7593 3.9883638161356227
7600 3.990691052908498
7604 3.9925528423267984
7605 3.9940422738614387
7606 3.995233819089151
7611 3.996187055271321
7623 3.9969496442170565
7627 3.9975597153736455
7634 3.998047772298917
7642 3.998750574271307
7645 3.9990004594170463
7646 3.9992003675336374
7647 3.9993602940269097
7648 3.999488235221528
7660 3.999590588177223
7661 3.9996724705417783
7662 3.9997379764334227
7668 3.999790381146738
7669 3.9998323049173905
7670 3.9998658439339128
7671 3.99989267514713
7674 3.9999141401177045
7679 3.999931312094164
7682 3.9999450496753317
7683 3.9999560397402654
7684 3.9999648317922123
7690 3.9999718654337704
7691 3.999977492347017
7694 3.999981993877614
7706 3.9999855951020917
7711 3.9999884760816737
7712 3.999990780865339
7713 3.999992624692271
7714 3.999994099753817
7715 3.999995279803054
7716 3.9999962238424436
7717 3.9999969790739547
7718 3.999997583259164
7719 3.999998066607332
7722 3.9999984532858655
7741 3.9999987626286924
7754 3.999999010102954
7755 3.9999992080823636
7756 3.9999993664658913
7761 3.999999493172713
7772 3.9999995945381706
7783 3.9999996756305363
7786 3.999999740504429
7789 3.9999997924035435
7798 3.9999998339228346
7802 3.9999998671382677
7803 3.9999998937106147
7804 3.999999914968492
7805 3.199999931974794
7806 3.359999945579835
7838 3.5903999651710947
7850 3.6723199721368758
7879 3.7378559777095006
7882 3.7902847821676007
7903 3.8322278257340807
7910 3.865782260587265
7911 3.8926258084698118
7912 3.9141006467758492
7927 3.9312805174206797
7933 3.945024413936544
7952 3.956019531149235
7953 3.964815624919388
7954 3.971852499935511
7958 3.9774819999484086
7959 3.981985599958727
7960 3.9855884799669816
7966 3.988470783973585
7981 3.9907766271788683
7988 3.992621301743095
8001 3.9940970413944763
8007 3.995277633115581
8016 3.996222106492465
8017 3.996977685193972
8020 3.9975821481551774
8028 3.998065718524142
8031 3.9984525748193134
8032 3.9987620598554505
8035 3.9990096478843604
8039 3.9992077183074883
8040 3.999366174645991
8052 3.9994929397167933
8053 3.9995943517734345
8054 3.9996754814187474
8067 3.9997403851349977
8071 3.999792308107998
8103 3.999833846486399
8104 3.999867077189119
8105 3.9998936617512957
8106 3.9999149294010365
8107 3.9999319435208296
8115 3.999945554816664
8118 3.999956443853331
8121 3.9999651550826654
8127 3.999972124066132
8143 3.9999776992529057
8160 3.9999821594023244
8167 3.9999857275218593
8170 3.9999885820174876
8174 3.9999908656139906
8179 3.999992692491193
8180 3.9999941539929544
8210 3.999995323194364
8218 3.999996258555491
8219 3.999997006844393
8225 3.9999976054755146
8252 3.9999980843804117
8266 3.999998467504329
8291 3.9999987740034637
8307 3.999999019202771
8315 3.999999215362217
8316 3.999999372289774
8317 3.999999497831819
8320 3.9999995982654557
8327 3.9999996786123644
8338 3.9999997428898917
8339 3.999999794311914
8345 3.9999998354495316
8349 3.999999868359626
8353 3.9999998946877007
8354 3.999999915750161
8387 3.9999999326001285
8402 3.999999946080103
8413 3.999999956864083
8414 3.9999999654912664
8415 3.999999972393013
8418 3.9999999779144106
8421 3.999999982331529
8441 3.999999985865223
8466 3.199999988692179
8482 3.3599999909537432
8490 3.4879999927629948
8497 3.5903999942103964
8516 3.6723199953683174
8517 3.7378559962946545
8526 3.7902847970357234
8527 3.8322278376285785
8530 3.865782270102863
8533 3.8926258160822904
8546 3.914100652865833
8554 3.931280522292666
8557 3.9450244178341327
8568 3.9560195342673063
8575 3.964815627413845
8578 3.9718525019310764
8586 3.9774820015448613
8587 3.9819856012358894
8590 3.985588480988712
8594 3.9884707847909695
8595 3.9907766278327754
8603 3.9926213022662207
8604 3.994097041812977
8607 3.9952776334503817
8612 3.996222106760306
8617 3.996977685408245
8618 3.997582148326596
8628 3.9980657186612767
8634 3.998452574929021
8638 3.9987620599432168
8643 3.9990096479545736
8662 3.9992077183636594
8663 3.199366174690928
8664 3.3594929397527427
8665 3.487594351802194
8670 3.5900754814417555
8671 3.6720603851534044
8672 3.737648308122724
8680 3.790118646498179
8683 3.8320949171985434
8687 3.865675933758835
8700 3.892540747007068
8701 3.9140325976056545
8702 3.9312260780845234
8705 3.9449808624676193
8706 3.9559846899740956
8717 3.9647877519792765
8722 3.9718302015834217
8723 3.977464161266737
8731 3.9819713290133896
8732 3.9855770632107115
8733 3.9884616505685697
8736 3.9907693204548558
8739 3.992615456363885
8751 3.9940923650911087
8755 3.9952738920728867
8770 3.9962191136583094
8773 3.996975290926648
8779 3.997580232741319
8790 3.998064186193055
8794 3.998451348954444
8795 3.1987610791635555
8796 3.3590088633308444
8799 3.4872070906646755
8813 3.5897656725317404
8814 3.6718125380253923
8815 3.737450030420314
8818 3.789960024336252
8839 3.8319680194690013
8848 3.8655744155752014
8849 3.892459532460161
8850 3.9139676259681293
8861 3.931174100774504
8862 3.944939280619603
8866 3.955951424495683
8871 3.964761139596546
8872 3.971808911677237
8880 3.9774471293417895
8898 3.981957703473432
8912 3.9855661627787455
8925 3.988452930222997
8929 3.990762344178398
8933 3.992609875342718
8937 3.9940879002741747
8948 3.9952703202193396
8955 3.9962162561754715
8962 3.9969730049403775
8963 3.9975784039523026
8964 3.9980627231618424
8965 3.998450178529474
8969 3.9987601428235795
8989 3.9990081142588636
8998 3.999206491407091
9001 3.999365193125673
9005 3.9994921545005386
9006 3.999593723600431
9013 3.9996749788803454
9016 3.999739983104276
9025 3.9997919864834213
9035 3.9998335891867374
9036 3.99986687134939
9048 3.999893497079512
9052 3.9999147976636094
9060 3.9999318381308875
9067 3.99994547050471
9076 3.9999563764037687
9104 3.199965101123015
9120 3.3599720808984124
9121 3.4879776647187297
9134 3.5903821317749838
9135 3.672305705419987
9144 3.7378445643359894
9159 3.790275651468792
9160 3.032220521175034
9161 3.225776416940027
9162 3.3806211335520215
9179 3.5044969068416174
9193 3.603597525473294
9197 3.6828780203786353
9198 3.7463024163029086
9199 3.797041933042327
9200 3.837633546433862
9204 3.87010683714709
9213 3.896085469717672
9243 3.916868375774138
9256 3.9334947006193106
9264 3.9467957604954487
9267 3.9574366083963595
9270 3.9659492867170876
9273 3.97275942937367
9278 3.978207543498936
9279 3.9825660347991487
9280 3.986052827839319
9295 3.988842262271455
9307 3.9910738098171645
9311 3.992859047853732
9314 3.9942872382829853
9317 3.995429790626388
9330 3.9963438325011102
9334 3.997075066000888
9350 3.9976600528007102
9353 3.9981280422405687
9354 3.9985024337924555
9359 3.9988019470339644
9362 3.999041557627172
9365 3.1992332461017376
9380 3.3593865968813903
9381 3.4875092775051124
9388 3.5900074220040903
9392 3.6720059376032728
9405 3.7376047500826184
9406 3.7900838000660952
9407 3.832067040052876
9415 3.865653632042301
9416 3.8925229056338413
9417 3.914018324507073
9423 3.9312146596056587
9429 3.9449717276845275
9430 3.955977382147622
9431 3.9647819057180973
9432 3.971825524574478
9433 3.9774604196595824
9434 3.9819683357276663
9447 3.9855746685821334
9448 3.9884597348657067
9451 3.9907677878925654
9452 3.992614230314053
9460 3.9940913842512424
9461 3.995273107400994
9465 3.996218485920795
9473 3.996974788736636
9477 3.9975798309893085
9478 3.9980638647914466
9490 3.9984510918331573
9493 3.9987608734665256
9500 3.9990086987732205
9510 3.9992069590185766
9516 3.999365567214862
9517 3.9994924537718894
9526 3.999593963017512
9535 3.99967517041401
9536 3.9997401363312077
9544 3.999792109064966
9545 3.9998336872519733
9548 3.9998669498015786
9549 3.9998935598412633
9550 3.9999148478730104
9568 3.9999318782984083
9578 3.9999455026387265
9584 3.999956402110981
9589 3.999965121688785
9595 3.999972097351028
9601 3.999977677880823
9602 3.999982142304659
9613 3.999985713843727
9614 3.999988571074982
9615 3.999990856859986
9616 3.999992685487989
9617 3.9999941483903916
9631 3.9999953187123136
9632 3.999996254969851
9633 3.9999970039758805
9636 3.999997603180705
9646 3.999998082544564
9660 3.9999984660356516
9666 3.999998772828522
9669 3.999999018262818
9670 3.9999992146102548
9678 3.9999993716882036
9679 3.9999994973505633
9680 3.999999597880451
9681 3.999999678304361
9682 3.999999742643489
9683 3.9999997941147916
9684 3.999999835291834
9687 3.999999868233467
9703 3.9999998945867743
9708 3.9999999156694193
9718 3.9999999325355358
9728 3.999999946028429
9732 3.9999999568227436
9746 3.999999965458195
9749 3.999999972366556
9750 3.9999999778932454
9753 3.9999999823145966
9756 3.9999999858516775
9766 3.999999988681342
9775 3.9999999909450734
9780 3.9999999927560586
9792 3.999999994204847
9793 3.9999999953638783
9794 3.999999996291103
9795 3.999999997032883
9798 3.9999999976263068
9799 3.9999999981010452
9804 3.9999999984808365
9808 3.999999998784669
9834 3.999999999027735
9835 3.9999999992221884
9840 3.999999999377751
9848 3.999999999502201
9859 3.9999999996017612
9893 3.9999999996814095
9923 3.9999999997451274
9934 3.199999999796102
9935 3.359999999836882
9936 3.4879999998695057
9937 3.590399999895605
9948 3.6723199999164846
9952 3.7378559999331875
9953 3.7902847999465505
9954 3.8322278399572403
9955 3.8657822719657924
9967 3.8926258175726343
9968 3.9141006540581076
9969 3.9312805232464862
9970 3.945024418597189
9978 3.9560195348777514
10006 3.964815627902201
10012 3.9718525023217612
10023 3.9774820018574095
10024 3.9819856014859276
10040 3.985588481188742
10041 3.9884707849509935
10057 3.990776627960795
10060 3.9926213023686357
10064 3.994097041894909
10072 3.9952776335159275
10073 3.996222106812742
10083 3.9969776854501937
10087 3.997582148360155
10088 3.9980657186881237
10089 3.998452574950499
10103 3.9987620599603995
10104 3.99900964796832
10105 3.999207718374656
10108 3.999366174699725
10112 3.9994929397597803
10130 3.9995943518078247
10135 3.9996754814462596
10136 3.9997403851570077
10139 3.999792308125606
10149 3.9998338465004855
10153 3.9998670772003884
10157 3.9998936617603107
10162 3.9999149294082486
10165 3.999931943526599
10178 3.99994555482128
10196 3.999956443857024
10204 3.9999651550856195
10226 3.9999721240684956
10231 3.9999776992547966
10244 3.999982159403838
10245 3.999985727523071
10246 3.9999885820184566
10254 3.999990865614765
10260 3.999992692491812
10274 3.99999415399345
10284 3.99999532319476
10289 3.999996258555808
10292 3.999997006844647
10293 3.999997605475718
10301 3.9999980843805742
10305 3.9999984675044598
10306 3.9999987740035676
10307 3.9999990192028543
10308 3.9999992153622834
10323 3.9999993722898273
10330 3.999999497831862
10331 3.9999995982654895
10332 3.999999678612392
10340 3.999999742889914
10341 3.9999997943119316
10351 3.999999835449546
10369 3.9999998683596365
10370 3.9999998946877096
10373 3.999999915750168
10374 3.9999999326001348
10380 3.9999999460801083
10386 3.9999999568640865
10387 3.999999965491269
10390 3.9999999723930157
10406 3.9999999779144124
10412 3.9999999823315298
10419 3.999999985865224
10422 3.9999999886921795
10423 3.999999990953744
10435 3.9999999927629952
10438 3.9999999942103965
10442 3.9999999953683174
10449 3.9999999962946537
10453 3.999999997035723
10457 3.9999999976285787
10461 3.9999999981028633
10462 3.9999999984822905
10465 3.9999999987858326
10482 3.999999999028666
10491 3.9999999992229327
10492 3.999999999378346
10497 3.999999999502677
10498 3.9999999996021414
10526 3.9999999996817133
10529 3.999999999745371
10530 3.999999999796297
10544 3.999999999837038
10555 3.9999999998696305
10556 3.9999999998957048
10557 3.9999999999165636
10573 3.9999999999332507
10587 3.999999999946601
10591 3.9999999999572813
10603 3.9999999999658256
10625 3.999999999972661
10628 3.9999999999781286
10633 3.999999999982503
10641 3.9999999999860023
10654 3.999999999988802
10657 3.999999999991042
10661 3.9999999999928333
10688 3.999999999994267
10691 3.9999999999954134
10698 3.999999999996331
10699 3.9999999999970646
10700 3.9999999999976517
10701 3.9999999999981215
10704 3.999999999998497
10705 3.9999999999987983
10726 3.999999999999039
10727 3.9999999999992317
10730 3.9999999999993854
10737 3.999999999999509
10752 3.9999999999996074
10753 3.9999999999996865
10762 3.9999999999997495
10763 3.9999999999998
10766 3.99999999999984
10767 3.999999999999872
10779 3.999999999999898
10780 3.9999999999999183
10785 3.999999999999935
10786 3.9999999999999485
10787 3.999999999999959
10790 3.999999999999967
10799 3.9999999999999742
10808 3.9999999999999796
10809 3.999999999999984
10815 3.9999999999999876
10824 3.9999999999999902
10841 3.999999999999992
10848 3.999999999999994
10852 3.9999999999999964
10873 3.9999999999999973
10877 3.9999999999999982
10891 3.999999999999999
10894 3.999999999999999
10895 3.999999999999999
10899 3.999999999999999
10900 3.999999999999999
10901 3.999999999999999
10918 3.999999999999999
10919 3.999999999999999
10922 3.999999999999999
10926 3.999999999999999
10927 3.999999999999999
10941 3.999999999999999
10944 3.999999999999999
10959 3.999999999999999
10963 3.999999999999999
10975 3.999999999999999
10985 3.999999999999999
10989 3.1999999999999993
11005 3.3599999999999994
11024 3.4879999999999995
11028 3.5904
11029 3.67232
11036 3.737856
11050 3.7902848000000002
11058 3.8322278400000007
11062 3.8657822720000006
11066 3.892625817600001
11072 3.914100654080001
11079 3.931280523264001
11080 3.945024418611201
11084 3.956019534888961
11098 3.964815627911169
11099 3.971852502328935
11102 3.977482001863148
11103 3.9819856014905186
11106 3.9855884811924147
11110 3.9884707849539316
11111 3.990776627963146
11112 3.992621302370517
11123 3.9940970418964135
11126 3.995277633517131
11141 3.996222106813705
11142 3.9969776854509638
11146 3.997582148360771
11154 3.9980657186886175
11161 3.9984525749508943
11162 3.9987620599607157
11163 3.999009647968573
11164 3.9992077183748584
11168 3.9993661746998868
11169 3.1994929397599097
11170 3.359594351807928
11176 3.4876754814463427
11195 3.590140385157074
11196 3.6721123081256595
11197 3.737689846500528
11198 3.7901518772004223
11218 3.832121501760338
11221 3.8656972014082704
11225 3.892557761126617
11229 3.9140462089012935
11230 3.931236967121035
11233 3.9449895736968283
11246 3.955991658957463
11248 3.9718346617327764
11251 3.9774677293862215
11252 3.981974183508977
11254 3.1884634774457457
11255 3.350770781956597
11261 3.480616625565278
11285 3.5844933004522224
11288 3.667594640361778
11295 3.734075712289423
11299 3.7872605698315382
11300 3.8298084558652308
11314 3.863846764692185
11350 3.8910774117537477
11363 3.9128619294029985
11376 3.930289543522399
11389 3.9442316348179194
11414 3.9553853078543355
11421 3.9643082462834682
11426 3.971446597026775
11432 3.97715727762142
11435 3.981725822097136
11442 3.985380657677709
11445 3.188304526142167
11460 3.3506436209137336
11467 3.4805148967309867
11474 3.5844119173847897
11475 3.6675295339078318
11478 3.7340236271262652
11493 3.7872189017010127
11509 3.82977512136081
11512 3.863820097088648
11513 3.8910560776709184
11521 3.912844862136735
11539 3.930275889709388
11542 3.9442207117675103
11552 3.1553765694140083
11574 3.324301255531207
11575 3.459441004424966
11579 3.5675528035399733
11598 3.654042242831979
11603 3.7232337942655835
11604 3.7785870354124667
11605 3.8228696283299737
11606 3.8582957026639795
11607 3.8866365621311836
11608 3.909309249704947
11632 3.927447399763958
11635 3.1419579198111665
11641 3.3135663358489333
11649 2.650853068679147
11652 2.920682454943318
11655 3.1365459639546547
11663 3.3092367711637243
11671 3.4473894169309798
11693 3.557911533544784
11702 3.646329226835827
11703 3.7170633814686616
11704 3.773650705174929
11705 3.818920564139943
11706 3.855136451311955
11714 3.8841091610495644
11740 3.9072873288396517
11741 3.925829863071722
11742 3.940663890457378
11746 3.952531112365903
11747 3.9620248898927226
11750 3.9696199119141786
11753 3.9756959295313434
11754 3.9805567436250753
11761 3.9844453949000602
11765 3.987556315920048
11777 3.990045052736039
11793 3.9920360421888317
11807 3.9936288337510657
11810 3.9949030670008527
11821 3.9959224536006825
11826 3.9967379628805464
11827 3.997390370304437
11840 3.99791229624355
11847 3.9983298369948406
11848 3.9986638695958723
11853 3.9989310956766984
11868 3.999144876541359
11869 3.9993159012330874
11880 3.9994527209864703
11881 3.9995621767891762
11884 3.999649741431341
11900 3.999719793145073
11901 3.9997758345160586
11902 3.9998206676128474
11903 3.999856534090278
11906 3.9998852272722223
11909 3.999908181817778
11913 3.9999265454542225
11914 3.9999412363633784
11915 3.999952989090703
11932 3.999962391272563
11933 3.9999699130180506
11934 3.9999759304144407
11935 3.9999807443315527
11936 3.999984595465242
11951 3.9999876763721938
11952 3.999990141097755
11959 3.9999921128782043
11969 3.9999936903025635
11970 3.9999949522420506
11973 3.9999959617936405
11992 3.9999967694349126
11999 3.99999741554793
12000 3.999997932438344
12003 3.999998345950675
12007 3.9999986767605398
12008 3.999998941408432
12020 3.999999153126746
12021 3.999999322501397
12024 3.999999458001118
12030 3.999999566400894
12033 3.9999996531207156
12034 3.9999997224965727
12035 3.9999997779972585
12038 3.9999998223978066
12039 3.9999998579182456
12043 3.9999998863345967
12046 3.999999909067678
12047 3.9999999272541427
12067 3.9999999418033143
12090 3.999999953442652
12093 3.9999999627541216
12094 3.999999970203297
12099 3.9999999761626377
12123 3.9999999809301103
12124 3.999999984744089
12128 3.999999987795271
12133 3.9999999902362173
12143 3.9999999921889744
12166 3.99999999375118
12180 3.9999999950009437
12189 3.9999999960007555
12192 3.9999999968006046
12197 3.999999997440484
12198 3.9999999979523873
12211 3.9999999983619103
12217 3.9999999986895283
12221 3.9999999989516226
12222 3.9999999991612984
12226 3.999999999329039
12229 3.999999999463231
12230 3.9999999995705853
12234 3.9999999996564686
12235 3.9999999997251754
12239 3.9999999997801403
12240 3.9999999998241123
12250 3.9999999998592903
12267 3.9999999998874323
12271 3.999999999909946
12274 3.999999999927957
12284 3.999999999942366
12287 3.999999999953893
12298 3.999999999963115
12311 3.999999999970492
12312 3.999999999976394
12313 3.9999999999811156
12327 3.999999999984893
12330 3.1999999999879147
12347 3.3599999999903316
12351 3.4879999999922653
12360 3.5903999999938128
12361 3.67231999999505
12362 3.7378559999960403
12365 3.790284799996832
12369 3.832227839997466
12370 3.865782271997973
12374 3.892625817598378
12380 3.9141006540787027
12388 3.931280523262962
12395 3.9450244186103696
12396 3.956019534888296
12397 3.964815627910637
12398 3.9718525023285096
12412 3.977482001862808
12413 3.981985601490247
12414 3.985588481192198
12421 3.9884707849537584
12433 3.9907766279630073
12437 3.992621302370406
12438 3.9940970418963246
12447 3.99527763351706
12451 3.996222106813648
12452 3.9969776854509185
12453 3.9975821483607348
12468 3.998065718688588
12481 3.9984525749508704
12482 3.998762059960696
12483 3.999009647968557
12484 3.999207718374846
12485 3.999366174699877
12498 3.999492939759902
12499 3.9995943518079216
12502 3.9996754814463378
12503 3.9997403851570708
12506 3.999792308125657
12516 3.9998338465005254
12520 3.9998670772004203
12521 3.9998936617603364
12524 3.999914929408269
12531 3.999931943526615
12536 3.9999455548212923
12539 3.999956443857034
12547 3.9999651550856274
12548 3.9999721240685018
12551 3.999977699254802
12552 3.9999821594038414
12553 3.9999857275230735
12568 3.9999885820184593
12569 3.999990865614768
12572 3.9999926924918148
12576 3.999994153993452
12593 3.999995323194762
12594 3.99999625855581
12611 3.999997006844648
12622 3.999997605475719
12642 3.999998084380575
12653 3.9999984675044606
12666 3.9999987740035685
12673 3.999999019202855
12679 3.9999992153622843
12685 3.9999993722898273
12697 3.999999497831862
12703 3.9999995982654895
12708 3.999999678612392
12712 3.999999742889914
12713 3.9999997943119316
12718 3.999999835449546
12719 3.9999998683596365
12734 3.9999998946877096
12735 3.999999915750168
12736 3.9999999326001348
12737 3.9999999460801083
12738 3.9999999568640865
12739 3.999999965491269
12751 3.9999999723930157
12752 3.9999999779144124
12753 3.9999999823315298
12760 3.999999985865224
12761 3.9999999886921795
12762 3.999999990953744
12763 3.9999999927629952
12764 3.9999999942103965
12765 3.9999999953683174
12768 3.9999999962946537
12775 3.999999997035723
12776 3.9999999976285787
12777 3.9999999981028633
12780 3.9999999984822905
12789 3.9999999987858326
12790 3.999999999028666
12793 3.9999999992229327
12794 3.999999999378346
12822 3.999999999502677
12823 3.9999999996021414
12824 3.9999999996817133
12829 3.999999999745371
12839 3.999999999796297
12861 3.999999999837038
12864 3.9999999998696305
12865 3.9999999998957048
12884 3.9999999999165636
12885 3.9999999999332507
12907 3.999999999946601
12919 3.9999999999572813
12923 3.9999999999658256
12924 3.999999999972661
12929 3.9999999999781286
12930 3.999999999982503
12931 3.9999999999860023
12937 3.999999999988802
12938 3.999999999991042
12942 3.9999999999928333
12943 3.999999999994267
12944 3.9999999999954134
12945 3.999999999996331
12965 3.9999999999970646
12966 3.9999999999976517
12973 3.9999999999981215
12976 3.999999999998497
12977 3.9999999999987983
12978 3.999999999999039
13015 3.9999999999992317
13019 3.9999999999993854
13024 3.999999999999509
13029 3.9999999999996074
13038 3.9999999999996865
13041 3.9999999999997495
13047 3.9999999999998
13070 3.99999999999984
13074 3.999999999999872
13088 3.999999999999898
13095 3.9999999999999183
13110 3.999999999999935
13111 3.9999999999999485
13112 3.999999999999959
13132 3.999999999999967
13133 3.9999999999999742
13136 3.9999999999999796
13139 3.999999999999984
13151 3.9999999999999876
13152 3.9999999999999902
13155 3.999999999999992
13156 3.999999999999994
13168 3.9999999999999956
13172 3.9999999999999964
13184 3.9999999999999973
13187 3.9999999999999982
13200 3.999999999999999
13201 3.999999999999999
13204 3.999999999999999
13222 3.999999999999999
13223 3.999999999999999
13231 3.999999999999999
13232 3.999999999999999
13236 3.999999999999999
13244 3.999999999999999
13245 3.999999999999999
13249 3.999999999999999
13277 3.999999999999999
13283 3.999999999999999
13290 3.999999999999999
13291 3.999999999999999
13306 3.999999999999999
13312 3.999999999999999
13316 3.999999999999999
13317 3.999999999999999
13318 3.999999999999999
13326 3.999999999999999
13327 3.999999999999999
13330 3.999999999999999
13331 3.999999999999999
13332 3.999999999999999
13348 3.999999999999999
13352 3.999999999999999
13359 3.999999999999999
13365 3.999999999999999
13372 3.999999999999999
13388 3.999999999999999
13389 3.999999999999999
13398 3.999999999999999
13402 3.999999999999999
13407 3.999999999999999
13416 3.999999999999999
13421 3.999999999999999
13422 3.999999999999999
13435 3.999999999999999
13446 3.999999999999999
13449 3.999999999999999
13450 3.999999999999999
13457 3.999999999999999
13458 3.999999999999999
13464 3.999999999999999
13471 3.999999999999999
13481 3.999999999999999
13482 3.999999999999999
13485 3.999999999999999
13497 3.999999999999999
13503 3.999999999999999
13507 3.999999999999999
13511 3.999999999999999
13519 3.999999999999999
13525 3.999999999999999
13551 3.999999999999999
13552 3.999999999999999
13555 3.999999999999999
13566 3.999999999999999
13569 3.999999999999999
13572 3.999999999999999
13578 3.999999999999999
13579 3.999999999999999
13582 3.999999999999999
13583 3.999999999999999
13598 3.999999999999999
13602 3.999999999999999
13605 3.999999999999999
13613 3.999999999999999
13616 3.999999999999999
13617 3.999999999999999
13632 3.999999999999999
13635 3.999999999999999
13636 3.999999999999999
13637 3.999999999999999
13663 3.999999999999999
13672 3.999999999999999
13683 3.999999999999999
13686 3.999999999999999
13704 3.999999999999999
13709 3.999999999999999
13716 3.999999999999999
13717 3.999999999999999
13727 3.999999999999999
13728 3.999999999999999
13729 3.999999999999999
13730 3.999999999999999
13731 3.999999999999999
13750 3.999999999999999
13751 3.999999999999999
13752 3.999999999999999
13753 3.999999999999999
13777 3.999999999999999
13783 3.999999999999999
13787 3.999999999999999
13791 3.999999999999999
13792 3.999999999999999
13796 3.999999999999999
13808 3.999999999999999
13823 3.999999999999999
13834 3.999999999999999
13837 3.999999999999999
13841 3.999999999999999
13846 3.999999999999999
13847 3.999999999999999
13850 3.999999999999999
13861 3.999999999999999
13869 3.999999999999999
13870 3.999999999999999
13875 3.999999999999999
13876 3.999999999999999
13877 3.999999999999999
13878 3.999999999999999
13887 3.999999999999999
13891 3.999999999999999
13892 3.999999999999999
13910 3.999999999999999
13943 3.999999999999999
13947 3.999999999999999
13948 3.999999999999999
13958 3.999999999999999
13959 3.999999999999999
13966 3.999999999999999
13967 3.999999999999999
13979 3.999999999999999
13984 3.999999999999999
13992 3.999999999999999
14007 3.999999999999999
14008 3.999999999999999
14024 3.999999999999999
14029 3.999999999999999
14030 3.999999999999999
14044 3.999999999999999
14048 3.999999999999999
14053 3.999999999999999
14072 3.999999999999999
14078 3.999999999999999
14079 3.999999999999999
14097 3.999999999999999
14098 3.999999999999999
14101 3.999999999999999
14107 3.999999999999999
14111 3.999999999999999
14120 3.999999999999999
14121 3.999999999999999
14124 3.999999999999999
14137 3.999999999999999
14138 3.999999999999999
14156 3.999999999999999
14165 3.999999999999999
14166 3.999999999999999
14167 3.999999999999999
14170 3.999999999999999
14175 3.999999999999999
14178 3.999999999999999
14189 3.999999999999999
14198 3.999999999999999
14205 3.999999999999999
14206 3.999999999999999
14211 3.999999999999999
14214 3.999999999999999
14231 3.999999999999999
14234 3.999999999999999
14256 3.999999999999999
14257 3.999999999999999
14258 3.999999999999999
14259 3.999999999999999
14260 3.999999999999999
14278 3.999999999999999
14289 3.999999999999999
14292 3.999999999999999
14303 3.999999999999999
14314 3.999999999999999
14320 3.999999999999999
14321 3.999999999999999
14330 3.999999999999999
14334 3.999999999999999
14341 3.999999999999999
14344 3.999999999999999
14345 3.999999999999999
14354 3.999999999999999
14359 3.999999999999999
14363 3.999999999999999
14364 3.999999999999999
14382 3.999999999999999
14391 3.999999999999999
14399 3.999999999999999
14403 3.999999999999999
14414 3.999999999999999
14415 3.999999999999999
14416 3.999999999999999
14417 3.999999999999999
14430 3.999999999999999
14431 3.999999999999999
14432 3.999999999999999
14433 3.999999999999999
14447 3.999999999999999
14457 3.999999999999999
14464 3.999999999999999
14472 3.999999999999999
14492 3.999999999999999
14493 3.999999999999999
14494 3.999999999999999
14501 3.999999999999999
14506 3.999999999999999
14509 3.999999999999999
14514 3.999999999999999
14519 3.999999999999999
14523 3.999999999999999
14534 3.999999999999999
14535 3.999999999999999
14538 3.999999999999999
14539 3.999999999999999
14551 3.999999999999999
14558 3.999999999999999
14559 3.999999999999999
14564 3.999999999999999
14569 3.999999999999999
14576 3.999999999999999
14580 3.999999999999999
14593 3.999999999999999
14594 3.999999999999999
14597 3.999999999999999
14598 3.999999999999999
14599 3.999999999999999
14614 3.999999999999999
14619 3.999999999999999
14620 3.999999999999999
14621 3.999999999999999
14625 3.999999999999999
14641 3.999999999999999
14642 3.999999999999999
14643 3.999999999999999
14644 3.999999999999999
14649 3.999999999999999
14655 3.999999999999999
14670 3.999999999999999
14677 3.999999999999999
14681 3.999999999999999
14687 3.999999999999999
14707 3.999999999999999
14708 3.999999999999999
14713 3.999999999999999
14714 3.999999999999999
14718 3.999999999999999
14730 3.999999999999999
14738 3.999999999999999
14747 3.999999999999999
14755 3.999999999999999
14764 3.999999999999999
14770 3.999999999999999
14771 3.999999999999999
14772 3.999999999999999
14780 3.999999999999999
14784 3.999999999999999
14791 3.999999999999999
14799 3.999999999999999
14800 3.999999999999999
14801 3.999999999999999
14805 3.999999999999999
14808 3.999999999999999
14811 3.999999999999999
14818 3.999999999999999
14821 3.999999999999999
14830 3.999999999999999
14833 3.999999999999999
14834 3.999999999999999
14840 3.999999999999999
14841 3.999999999999999
14844 3.999999999999999
14847 3.999999999999999
14848 3.999999999999999
14857 3.999999999999999
14862 3.999999999999999
14871 3.999999999999999
14875 3.999999999999999
14876 3.999999999999999
14880 3.999999999999999
14889 3.999999999999999
14892 3.999999999999999
14900 3.999999999999999
14909 3.999999999999999
14910 3.999999999999999
14911 3.999999999999999
14912 3.999999999999999
14921 3.999999999999999
14939 3.999999999999999
14940 3.999999999999999
14944 3.999999999999999
14947 3.999999999999999
14950 3.999999999999999
14959 3.999999999999999
14960 3.999999999999999
14965 3.999999999999999
14966 3.999999999999999
14967 3.999999999999999
14983 3.999999999999999
14984 3.999999999999999
14985 3.1999999999999993
14988 3.3599999999999994
14995 3.4879999999999995
15007 3.5904
15011 3.67232
15015 3.737856
15025 3.7902848000000002
15026 3.8322278400000007
15037 3.8657822720000006
15038 3.892625817600001
15042 3.914100654080001
15065 3.931280523264001
15068 3.945024418611201
15082 3.956019534888961
15085 3.964815627911169
15086 3.971852502328935
15095 3.977482001863148
15096 3.9819856014905186
15099 3.9855884811924147
15102 3.9884707849539316
15119 3.990776627963146
15120 3.992621302370517
15125 3.9940970418964135
15150 3.995277633517131
15151 3.996222106813705
15166 3.9969776854509638
15178 3.997582148360771
15181 3.9980657186886175
15191 3.9984525749508943
15195 3.9987620599607157
15204 3.999009647968573
15205 3.9992077183748584
15217 3.9993661746998868
15222 3.99949293975991
15229 3.9995943518079278
15234 3.999675481446342
15235 3.9997403851570743
15245 3.9997923081256594
15246 3.999833846500528
15247 3.999867077200423
15262 3.9998936617603382
15263 3.9999149294082708
15266 3.999931943526617
15274 3.999945554821294
15275 3.9999564438570356
15276 3.9999651550856283
15281 3.9999721240685027
15285 3.999977699254802
15297 3.9999821594038414
15298 3.9999857275230735
15299 3.9999885820184593
15300 3.999990865614768
15301 3.9999926924918148
15302 3.999994153993452
15305 3.999995323194762
15306 3.99999625855581
15307 3.999997006844648
15321 3.999997605475719
15322 3.999998084380575
15328 3.9999984675044606
15352 3.9999987740035685
15353 3.999999019202855
15354 3.9999992153622843
15362 3.9999993722898273
15366 3.999999497831862
15384 3.9999995982654895
15389 3.999999678612392
15390 3.999999742889914
15394 3.9999997943119316
15397 3.999999835449546
15398 3.1999998683596367
15399 3.35999989468771
15400 3.4879999157501684
15401 3.5903999326001346
15414 3.6723199460801075
15415 3.7378559568640863
15418 3.7902847654912692
15444 3.8322278123930156
15447 3.865782249914413
15448 3.8926257999315306
15449 3.9141006399452243
15455 3.93128051195618
15468 3.945024409564944
15469 3.9560195276519554
15477 3.9648156221215647
15480 3.9718524976972516
15483 3.977481998157802
15487 3.981985598526242
15488 3.9855884788209934
15489 3.988470783056795
15505 3.9907766264454363
15527 3.9926213011563494
15557 3.9940970409250793
15569 3.9952776327400636
15574 3.996222106192051
15575 3.9969776849536407
15576 3.9975821479629126
15583 3.99806571837033
15584 3.9984525746962643
15585 3.998762059757012
15586 3.99900964780561
15587 3.999207718244488
15590 3.9993661745955906
15611 3.9994929396764727
15615 3.9995943517411785
15618 3.999675481392943
15619 3.9997403851143547
15634 3.999792308091484
15637 3.9998338464731873
15648 3.99986707717855
15656 3.9998936617428402
15667 3.999914929394272
15670 3.999931943515418
15671 3.999945554812334
15690 3.999956443849867
15695 3.9999651550798943
15709 3.9999721240639152
15710 3.999977699251132
15727 3.999982159400906
15733 3.999985727520725
15746 3.99998858201658
15747 3.999990865613264
15748 3.9999926924906113
15760 3.999994153992489
15765 3.9999953231939918
15776 3.9999962585551936
15783 3.999997006844155
15820 3.9999976054753246
15826 3.99999808438026
15839 3.9999984675042084
15851 3.999998774003367
15852 3.9999990192026935
15853 3.9999992153621546
15854 3.9999993722897242
15855 3.999999497831779
15869 3.9999995982654237
15870 3.9999996786123395
15878 3.999999742889872
15879 3.999999794311898
15887 3.9999998354495183
15890 3.999999868359615
15906 3.9999998946876927
15913 3.9999999157501547
15914 3.999999932600124
15917 3.9999999460800995
15931 3.9999999568640794
15938 3.9999999654912637
15942 3.9999999723930113
15943 3.999999977914409
15950 3.999999982331527
15951 3.999999985865222
15952 3.9999999886921778
15953 3.999999990953742
15968 3.9999999927629935
15978 3.9999999942103948
16019 3.9999999953683156
16020 3.999999996294653
16021 3.9999999970357223
16022 3.999999997628578
16030 3.9999999981028624
16034 3.9999999984822905
16035 3.9999999987858326
16044 3.999999999028666
16049 3.9999999992229327
16053 3.999999999378346
16059 3.999999999502677
16060 3.9999999996021414
16073 3.9999999996817133
16074 3.999999999745371
16084 3.999999999796297
16088 3.999999999837038
16111 3.9999999998696305
16120 3.9999999998957048
16123 3.9999999999165636
16132 3.9999999999332507
16135 3.999999999946601
16139 3.9999999999572813
16143 3.9999999999658256
16147 3.999999999972661
16164 3.9999999999781286
16165 3.999999999982503
16176 3.9999999999860023
16179 3.999999999988802
16183 3.999999999991042
16193 3.9999999999928333
16206 3.999999999994267
16216 3.9999999999954134
16222 3.999999999996331
16225 3.9999999999970646
16229 3.9999999999976517
16235 3.9999999999981215
16242 3.999999999998497
16245 3.9999999999987983
16249 3.999999999999039
16252 3.9999999999992317
16256 3.9999999999993854
16279 3.999999999999509
16280 3.9999999999996074
16286 3.9999999999996865
16287 3.9999999999997495
16293 3.9999999999998
16298 3.99999999999984
16301 3.999999999999872
16302 3.999999999999898
16308 3.9999999999999183
16318 3.999999999999935
16327 3.9999999999999485
16328 3.999999999999959
16333 3.999999999999967
16334 3.9999999999999742
16335 3.9999999999999796
16342 3.999999999999984
16352 3.9999999999999876
16363 3.9999999999999902
16371 3.999999999999992
16377 3.999999999999994
16383 3.9999999999999956
16387 3.9999999999999964
16394 3.9999999999999973
16400 3.9999999999999982
16401 3.999999999999999
16416 3.999999999999999
16417 3.999999999999999
16418 3.999999999999999
16428 3.999999999999999
16429 3.999999999999999
16432 3.999999999999999
16444 3.999999999999999
16449 3.999999999999999
16450 3.999999999999999
16453 3.999999999999999
16475 3.999999999999999
16480 3.999999999999999
16499 3.999999999999999
16514 3.999999999999999
16517 3.999999999999999
16523 3.999999999999999
16539 3.999999999999999
16540 3.999999999999999
16550 3.999999999999999
16551 3.999999999999999
16555 3.999999999999999
16556 3.999999999999999
16557 3.999999999999999
16568 3.999999999999999
16569 3.999999999999999
16570 3.999999999999999
16571 3.999999999999999
16583 3.999999999999999
16596 3.999999999999999
16616 3.999999999999999
16625 3.999999999999999
16628 3.999999999999999
16636 3.999999999999999
16642 3.999999999999999
16643 3.999999999999999
16657 3.999999999999999
16661 3.999999999999999
16662 3.999999999999999
16679 3.999999999999999
16682 3.999999999999999
16686 3.999999999999999
16687 3.999999999999999
16702 3.999999999999999
16707 3.999999999999999
16715 3.999999999999999
16718 3.999999999999999
16727 3.999999999999999
16733 3.999999999999999
16734 3.999999999999999
16745 3.999999999999999
16746 3.999999999999999
16759 3.999999999999999
16760 3.999999999999999
16761 3.999999999999999
16762 3.999999999999999
16778 3.999999999999999
16782 3.999999999999999
16793 3.999999999999999
16794 3.999999999999999
16802 3.999999999999999
16811 3.999999999999999
16817 3.999999999999999
16838 3.999999999999999
16844 3.999999999999999
16847 3.999999999999999
16848 3.999999999999999
16855 3.999999999999999
16867 3.999999999999999
16875 3.999999999999999
16876 3.999999999999999
16877 3.999999999999999
16878 3.999999999999999
16886 3.999999999999999
16887 3.999999999999999
16891 3.999999999999999
16895 3.999999999999999
16898 3.999999999999999
16911 3.999999999999999
16912 3.999999999999999
16939 3.999999999999999
16945 3.999999999999999
16949 3.999999999999999
16953 3.999999999999999
16954 3.999999999999999
16955 3.999999999999999
16956 3.999999999999999
16972 3.999999999999999
16973 3.999999999999999
16976 3.999999999999999
16987 3.999999999999999
16990 3.999999999999999
16991 3.999999999999999
16992 3.999999999999999
17007 3.999999999999999
17008 3.999999999999999
17009 3.999999999999999
17014 3.999999999999999
17031 3.999999999999999
17044 3.999999999999999
17054 3.999999999999999
17059 3.999999999999999
17060 3.999999999999999
17063 3.999999999999999
17067 3.999999999999999
17071 3.999999999999999
17076 3.999999999999999
17086 3.999999999999999
17101 3.999999999999999
17102 3.999999999999999
17105 3.999999999999999
17124 3.999999999999999
17127 3.999999999999999
17158 3.999999999999999
17165 3.999999999999999
17172 3.999999999999999
17186 3.999999999999999
17197 3.999999999999999
17202 3.999999999999999
17203 3.999999999999999
17204 3.999999999999999
17211 3.999999999999999
17212 3.999999999999999
17213 3.999999999999999
17214 3.999999999999999
17215 3.999999999999999
17216 3.999999999999999
17222 3.999999999999999
17223 3.999999999999999
17246 3.999999999999999
17251 3.999999999999999
17252 3.999999999999999
17256 3.999999999999999
17260 3.999999999999999
17264 3.999999999999999
17268 3.999999999999999
17269 3.999999999999999
17270 3.999999999999999
17274 3.999999999999999
17296 3.999999999999999
17297 3.999999999999999
17298 3.999999999999999
17299 3.999999999999999
17300 3.999999999999999
17315 3.999999999999999
17327 3.999999999999999
17331 3.999999999999999
17332 3.999999999999999
17339 3.999999999999999
17342 3.999999999999999
17351 3.999999999999999
17352 3.999999999999999
17355 3.999999999999999
17356 3.999999999999999
17375 3.999999999999999
17376 3.999999999999999
17382 3.999999999999999
17394 3.999999999999999
17411 3.999999999999999
17415 3.999999999999999
17428 3.999999999999999
17434 3.999999999999999
17461 3.999999999999999
17464 3.999999999999999
17468 3.999999999999999
17472 3.999999999999999
17491 3.999999999999999
17492 3.999999999999999
17493 3.999999999999999
17496 3.999999999999999
17500 3.999999999999999
17503 3.999999999999999
17514 3.999999999999999
17519 3.999999999999999
17520 3.999999999999999
17523 3.999999999999999
17529 3.999999999999999
17532 3.999999999999999
17546 3.999999999999999
17551 3.999999999999999
17559 3.999999999999999
17563 3.999999999999999
17564 3.999999999999999
17585 3.999999999999999
17586 3.999999999999999
17594 3.999999999999999
17600 3.999999999999999
17601 3.999999999999999
17606 3.999999999999999
17610 3.999999999999999
17611 3.999999999999999
17614 3.999999999999999
17615 3.999999999999999
17627 3.999999999999999
17641 3.999999999999999
17665 3.999999999999999
17666 3.999999999999999
17667 3.999999999999999
17671 3.999999999999999
17675 3.999999999999999
17676 3.999999999999999
17681 