239 0.3339428433920001
241 0.2671542747136001
359 0.09698631215241763
364 0.09698631215241763
387 0.0775890497219341
396 0.062071239777547284
456 0.11972559345763029
471 0.11972559345763029
503 0.11972559345763029
504 0.11972559345763029
588 0.16129950385030672
670 0.23006827677708566
694 0.23006827677708566
747 0.28405462142166854
768 0.28405462142166854
781 0.28405462142166854
847 0.1454359661678943
878 0.21634877293431545
881 0.21634877293431545
934 0.21846321467796193
938 0.13981645739389564
1009 0.21185316591511652
1038 0.13558602618567459
1041 0.10846882094853967
1062 0.08677505675883174
1067 0.0694200454070654
1075 0.15553603632565233
1099 0.15553603632565233
1133 0.15553603632565233
1249 0.2795430632484175
1252 0.2795430632484175
1296 0.32363445059873397
1310 0.32363445059873397
1356 0.20712604838318974
1357 0.20712604838318974
1364 0.20712604838318974
1517 0.1657008387065518
1521 0.1657008387065518
1522 0.1657008387065518
1527 0.1657008387065518
1528 0.1657008387065518
1610 0.1657008387065518
1704 0.13256067096524146
1724 0.13256067096524146
1725 0.13256067096524146
1747 0.08483882941775454
1748 0.08483882941775454
1770 0.08483882941775454
1800 0.08483882941775454
1822 0.08483882941775454
1934 0.08483882941775454
1948 0.08483882941775454
2048 0.04343748066189033
2137 0.04343748066189033
2285 0.034749984529512265
2286 0.034749984529512265
2308 0.027799987623609815
2440 0.022239990098887854
2507 0.022239990098887854
2529 0.022239990098887854
2568 0.022239990098887854
2660 0.022239990098887854
2683 0.022239990098887854
2717 0.022239990098887854
2722 0.022239990098887854
2725 0.022239990098887854
2726 0.022239990098887854
2736 0.022239990098887854
2765 0.022239990098887854
2845 0.011386874930630583
2864 0.011386874930630583
2905 0.011386874930630583
2906 0.011386874930630583
2913 0.011386874930630583
2992 0.009109499944504466
2993 0.009109499944504466
3033 0.009109499944504466
3034 0.009109499944504466
3056 0.007287599955603573
3087 0.007287599955603573
3099 0.007287599955603573
3134 0.007287599955603573
3159 0.007287599955603573
3160 0.007287599955603573
3197 0.007287599955603573
3296 0.007287599955603573
3314 0.007287599955603573
3335 0.007287599955603573
3341 0.007287599955603573
3353 0.007287599955603573
3354 0.007287599955603573
3360 0.007287599955603573
3371 0.007287599955603573
3427 0.007287599955603573
3456 0.007287599955603573
3481 0.007287599955603573
3621 0.0046640639715862875
3673 0.0046640639715862875
3685 0.0046640639715862875
3690 0.0046640639715862875
3729 0.0046640639715862875
3745 0.0046640639715862875
3778 0.0046640639715862875
3795 0.0037312511772690303
3818 0.0037312511772690303
3819 0.0037312511772690303
3839 0.0037312511772690303
3862 0.0037312511772690303
3976 0.0037312511772690303
4010 0.0037312511772690303
4018 0.0037312511772690303
4031 0.0037312511772690303
4052 0.0037312511772690303
4061 0.0037312511772690303
4064 0.0037312511772690303
4068 0.0037312511772690303
4088 0.0029850009418152246
4096 0.0029850009418152246
4123 0.0029850009418152246
4136 0.0029850009418152246
4147 0.0029850009418152246
4160 0.0029850009418152246
4251 0.0029850009418152246
4315 0.00238800075345218
4329 0.00238800075345218
4330 0.00238800075345218
4390 0.001910400602761744
4400 0.001910400602761744
4443 0.001910400602761744
4450 0.001910400602761744
4559 0.001910400602761744
4577 0.001910400602761744
4587 0.001910400602761744
4600 0.001910400602761744
4655 0.001910400602761744
4699 0.001910400602761744
4719 0.001910400602761744
4760 0.001910400602761744
4768 0.001910400602761744
4795 0.001910400602761744
4829 0.001910400602761744
4830 0.001910400602761744
4849 0.001910400602761744
4913 0.001910400602761744
4948 0.001910400602761744
4970 0.001910400602761744
4974 0.001910400602761744
4975 0.001910400602761744
5050 0.001910400602761744
5098 0.001910400602761744
5145 0.0015283204822093954
5172 0.0015283204822093954
5197 0.0015283204822093954
5226 0.0015283204822093954
5319 0.0015283204822093954
5383 0.0015283204822093954
5384 0.0015283204822093954
5425 0.0015283204822093954
5474 0.0015283204822093954
5482 0.0015283204822093954
5492 0.0015283204822093954
5493 0.0015283204822093954
5509 0.0015283204822093954
5542 0.0015283204822093954
5548 0.0015283204822093954
5577 0.0015283204822093954
5578 0.0015283204822093954
5579 0.0015283204822093954
5580 0.0015283204822093954
5581 0.0015283204822093954
5582 0.0015283204822093954
5632 0.0015283204822093954
5646 0.0015283204822093954
5695 0.0015283204822093954
5696 0.0015283204822093954
5729 0.0015283204822093954
5730 0.0015283204822093954
5741 0.0015283204822093954
5764 0.0015283204822093954
5765 0.0015283204822093954
5836 0.0015283204822093954
5856 0.0015283204822093954
5889 0.0015283204822093954
5947 0.0015283204822093954
5955 0.0015283204822093954
6020 0.0015283204822093954
6027 0.0015283204822093954
6091 0.0015283204822093954
6150 0.0015283204822093954
6178 0.0015283204822093954
6189 0.0015283204822093954
6197 0.0015283204822093954
6207 0.0015283204822093954
6218 0.0012226563857675164
6260 0.0012226563857675164
6306 0.0012226563857675164
6309 0.0012226563857675164
6317 9.781251086140132E-4
6326 9.781251086140132E-4
6347 9.781251086140132E-4
6394 9.781251086140132E-4
6548 9.781251086140132E-4
6563 9.781251086140132E-4
6618 9.781251086140132E-4
6684 9.781251086140132E-4
6753 9.781251086140132E-4
6764 9.781251086140132E-4
6800 9.781251086140132E-4
6843 9.781251086140132E-4
6847 9.781251086140132E-4
6867 9.781251086140132E-4
6894 9.781251086140132E-4
6939 9.781251086140132E-4
6942 9.781251086140132E-4
6962 9.781251086140132E-4
6966 9.781251086140132E-4
6984 9.781251086140132E-4
6997 9.781251086140132E-4
7019 9.781251086140132E-4
7022 9.781251086140132E-4
7024 9.781251086140132E-4
7037 9.781251086140132E-4
7064 9.781251086140132E-4
7065 9.781251086140132E-4
7073 9.781251086140132E-4
7163 9.781251086140132E-4
7170 9.781251086140132E-4
7171 9.781251086140132E-4
7178 9.781251086140132E-4
7179 9.781251086140132E-4
7215 9.781251086140132E-4
7233 9.781251086140132E-4
7256 9.781251086140132E-4
7257 9.781251086140132E-4
7288 9.781251086140132E-4
7318 9.781251086140132E-4
7338 9.781251086140132E-4
7364 9.781251086140132E-4
7384 9.781251086140132E-4
7396 9.781251086140132E-4
7404 9.781251086140132E-4
7425 9.781251086140132E-4
7433 9.781251086140132E-4
7450 9.781251086140132E-4
7544 9.781251086140132E-4
7545 9.781251086140132E-4
7572 9.781251086140132E-4
7590 9.781251086140132E-4
7609 9.781251086140132E-4
7640 9.781251086140132E-4
7688 9.781251086140132E-4
7732 9.781251086140132E-4
7770 9.781251086140132E-4
7774 9.781251086140132E-4
7821 9.781251086140132E-4
7867 9.781251086140132E-4
7868 9.781251086140132E-4
7900 9.781251086140132E-4
7901 9.781251086140132E-4
7935 9.781251086140132E-4
7936 9.781251086140132E-4
7943 9.781251086140132E-4
7945 9.781251086140132E-4
7950 7.825000868912106E-4
7986 7.825000868912106E-4
8082 7.825000868912106E-4
8123 7.825000868912106E-4
8138 7.825000868912106E-4
8139 7.825000868912106E-4
8172 7.825000868912106E-4
8198 7.825000868912106E-4
8280 7.825000868912106E-4
8305 7.825000868912106E-4
8322 7.825000868912106E-4
8347 7.825000868912106E-4
8384 7.825000868912106E-4
8390 7.825000868912106E-4
8400 7.825000868912106E-4
8439 7.825000868912106E-4
8456 7.825000868912106E-4
8457 7.825000868912106E-4
8458 7.825000868912106E-4
8462 7.825000868912106E-4
8499 7.825000868912106E-4
8500 7.825000868912106E-4
8512 7.825000868912106E-4
8514 7.825000868912106E-4
8524 7.825000868912106E-4
8559 7.825000868912106E-4
8570 7.825000868912106E-4
8571 7.825000868912106E-4
8636 7.825000868912106E-4
8647 7.825000868912106E-4
8685 7.825000868912106E-4
8825 7.825000868912106E-4
8833 7.825000868912106E-4
8868 7.825000868912106E-4
8890 7.825000868912106E-4
8896 7.825000868912106E-4
8907 7.825000868912106E-4
8921 7.825000868912106E-4
8927 7.825000868912106E-4
8959 7.825000868912106E-4
9070 7.825000868912106E-4
