103 -1.10704
228 -1.4697948671999999
352 -0.7606687150079999
528 -1.252697210689053
594 -3.321523821998589
601 -3.321523821998589
637 -3.6572190575988714
770 -4.312496157490623
773 -4.312496157490623
808 -4.312496157490623
846 -2.5799975407939986
856 -3.0639980326351988
911 -2.351198426108159
1005 -2.5438135941673776
1017 -2.5438135941673776
1031 -1.9350508753339022
1044 -1.4480407002671218
1058 -1.4480407002671218
1059 -1.4480407002671218
1061 -1.4480407002671218
1063 -1.4480407002671218
1070 -1.0584325602136975
1087 -1.0584325602136975
1091 -0.746746048170958
1157 -0.746746048170958
1193 -0.4973968385367664
1228 -0.2979174708294131
1244 -0.2979174708294131
1245 -0.2979174708294131
1248 -0.2979174708294131
1260 -0.2979174708294131
1263 -0.2979174708294131
1284 -0.1383339766635305
1313 -0.1383339766635305
1316 -0.1383339766635305
1323 -0.1383339766635305
1327 -0.1383339766635305
1332 -0.1383339766635305
1333 -0.1383339766635305
1338 -0.1383339766635305
1340 -0.1383339766635305
1384 -1.0085337450646594
1390 -1.0085337450646594
1400 -1.3454615968413821
1422 -1.3454615968413821
1432 -1.3454615968413821
1451 -1.3454615968413821
1480 -1.3454615968413821
1494 -2.0763692774731055
1526 -2.0763692774731055
1568 -1.5610954219784845
1572 -1.5610954219784845
1578 -1.5610954219784845
1597 -2.2488763375827876
1609 -2.2488763375827876
1615 -2.2488763375827876
1621 -2.2488763375827876
1625 -2.2488763375827876
1628 -2.2488763375827876
1631 -2.2488763375827876
1679 -2.2488763375827876
1687 -2.2488763375827876
1703 -2.2488763375827876
1718 -2.2488763375827876
1730 -1.6991010700662301
1754 -1.6991010700662301
1777 -0.6259397478739099
1813 -0.6259397478739099
1817 -0.6259397478739099
1819 -0.400751798299128
1821 -0.400751798299128
1859 -1.3206014386393023
1875 -1.3206014386393023
1883 -2.0564811509114422
1884 -2.0564811509114422
1886 -2.0564811509114422
1910 -2.0564811509114422
1968 -2.645184920729154
1970 -2.645184920729154
1974 -2.645184920729154
1983 -2.645184920729154
1996 -2.645184920729154
2012 -2.645184920729154
2045 -2.645184920729154
2047 -2.645184920729154
2081 -2.645184920729154
2096 -2.645184920729154
2103 -2.645184920729154
2139 -2.645184920729154
2152 -2.645184920729154
2161 -2.645184920729154
2177 -3.116147936583323
2212 -3.116147936583323
2215 -3.116147936583323
2222 -3.116147936583323
2237 -3.116147936583323
2240 -3.116147936583323
2244 -3.116147936583323
2275 -3.116147936583323
2294 -3.4929183492666587
2313 -2.694334679413327
2407 -3.1554677435306617
2417 -3.1554677435306617
2429 -3.1554677435306617
2432 -3.1554677435306617
2436 -3.1554677435306617
2439 -3.1554677435306617
2443 -3.1554677435306617
2447 -3.1554677435306617
2465 -3.1554677435306617
2476 -3.1554677435306617
2505 -3.5243741948245297
2506 -3.5243741948245297
2527 -3.5243741948245297
2528 -3.5243741948245297
2533 -3.5243741948245297
2541 -3.819499355859624
2558 -3.819499355859624
2561 -3.819499355859624
2576 -3.819499355859624
2580 -3.819499355859624
2583 -3.819499355859624
2589 -3.819499355859624
2601 -4.055599484687699
2637 -4.24447958775016
2641 -4.24447958775016
2646 -4.24447958775016
2671 -4.24447958775016
2679 -4.24447958775016
2682 -4.24447958775016
2686 -4.24447958775016
2716 -4.24447958775016
2721 -4.24447958775016
2724 -4.24447958775016
2728 -4.24447958775016
2764 -4.3955836702001285
2803 -4.3955836702001285
2805 -4.3955836702001285
2815 -4.3955836702001285
2820 -4.3955836702001285
2822 -4.3955836702001285
2825 -4.3955836702001285
2863 -4.3955836702001285
2870 -4.3955836702001285
2880 -4.3955836702001285
2943 -4.613173548928083
2998 -4.613173548928083
3023 -4.613173548928083
3060 -4.752431071313973
3061 -4.752431071313973
3063 -4.752431071313973
3080 -4.752431071313973
3082 -4.752431071313973
3091 -4.752431071313973
3117 -4.801944857051179
3148 -4.841555885640943
3156 -4.841555885640943
3158 -4.841555885640943
3165 -4.841555885640943
3183 -4.873244708512755
3187 -4.873244708512755
3192 -4.873244708512755
3195 -4.873244708512755
3201 -4.873244708512755
3205 -4.873244708512755
3214 -4.873244708512755
3220 -4.873244708512755
3234 -4.873244708512755
3261 -4.873244708512755
3264 -4.873244708512755
3273 -4.873244708512755
3277 -4.873244708512755
3305 -4.873244708512755
3322 -4.873244708512755
3337 -4.873244708512755
3340 -4.873244708512755
3359 -4.873244708512755
3363 -4.873244708512755
3370 -4.873244708512755
3387 -4.873244708512755
3413 -4.873244708512755
3431 -4.873244708512755
3511 -4.873244708512755
3536 -4.873244708512755
3561 -4.873244708512755
3571 -4.898595766810204
3611 -4.898595766810204
3625 -4.898595766810204
3653 -4.898595766810204
3656 -4.898595766810204
3681 -4.898595766810204
3684 -4.898595766810204
3689 -4.898595766810204
3692 -4.898595766810204
3714 -4.898595766810204
3718 -4.898595766810204
3722 -4.898595766810204
3726 -4.898595766810204
3733 -4.918876613448163
3736 -4.918876613448163
3773 -4.935101290758531
3777 -4.935101290758531
3811 -4.935101290758531
3827 -4.935101290758531
3838 -4.935101290758531
3842 -4.935101290758531
3848 -4.935101290758531
3861 -4.935101290758531
3870 -4.935101290758531
3904 -4.935101290758531
3914 -4.935101290758531
3933 -4.935101290758531
3945 -4.935101290758531
3959 -4.935101290758531
3970 -4.935101290758531
3972 -4.935101290758531
3975 -4.935101290758531
3995 -4.935101290758531
3998 -4.935101290758531
4001 -4.935101290758531
4003 -4.935101290758531
4012 -4.948081032606826
4017 -4.948081032606826
4022 -4.948081032606826
4036 -4.948081032606826
4039 -4.948081032606826
4041 -4.948081032606826
4056 -4.948081032606826
4060 -4.948081032606826
4063 -4.948081032606826
4067 -4.948081032606826
4092 -4.948081032606826
4095 -4.948081032606826
4109 -4.958464826085461
4127 -4.958464826085461
4134 -4.958464826085461
4135 -4.958464826085461
4150 -4.958464826085461
4170 -4.958464826085461
4178 -4.958464826085461
4196 -4.958464826085461
4200 -4.958464826085461
4225 -4.958464826085461
4233 -4.958464826085461
4237 -4.958464826085461
4275 -4.966771860868368
4307 -4.966771860868368
4310 -4.966771860868368
4317 -4.973417488694695
4343 -4.978733990955757
4349 -4.978733990955757
4352 -4.978733990955757
4360 -4.978733990955757
4375 -4.978733990955757
4381 -4.982987192764606
4385 -4.982987192764606
4389 -4.982987192764606
4394 -4.982987192764606
4399 -4.982987192764606
4402 -4.982987192764606
4406 -4.982987192764606
4436 -4.982987192764606
4449 -4.982987192764606
4454 -4.982987192764606
4456 -4.982987192764606
4462 -4.982987192764606
4465 -4.982987192764606
4466 -4.982987192764606
4469 -4.982987192764606
4473 -4.982987192764606
4489 -4.982987192764606
4492 -4.982987192764606
4495 -4.982987192764606
4501 -4.982987192764606
4511 -4.982987192764606
4513 -4.982987192764606
4515 -4.982987192764606
4527 -4.982987192764606
4540 -4.982987192764606
4554 -4.982987192764606
4558 -4.982987192764606
4563 -4.982987192764606
4586 -3.8863897542116845
4590 -3.8863897542116845
4626 -4.109111803369348
4658 -4.109111803369348
4667 -4.109111803369348
4671 -4.109111803369348
4673 -4.109111803369348
4717 -4.287289442695479
4718 -4.287289442695479
4723 -4.287289442695479
4727 -4.287289442695479
4730 -4.287289442695479
4753 -4.287289442695479
4756 -4.287289442695479
4759 -4.287289442695479
4762 -4.287289442695479
4767 -4.287289442695479
4794 -4.287289442695479
4814 -4.287289442695479
4818 -4.287289442695479
4832 -4.287289442695479
4844 -4.287289442695479
4847 -4.287289442695479
4848 -4.287289442695479
4851 -4.287289442695479
4853 -4.287289442695479
4857 -4.287289442695479
4885 -4.287289442695479
4890 -4.287289442695479
4893 -4.287289442695479
4908 -4.287289442695479
4912 -4.287289442695479
4933 -4.287289442695479
4942 -4.287289442695479
4953 -4.287289442695479
4966 -4.287289442695479
4969 -4.287289442695479
4973 -4.287289442695479
4993 -4.287289442695479
5001 -4.287289442695479
5019 -3.329831554156383
5032 -3.329831554156383
5034 -3.329831554156383
5046 -3.329831554156383
5054 -3.329831554156383
5057 -3.329831554156383
5072 -3.329831554156383
5083 -3.329831554156383
5085 -3.329831554156383
5100 -3.329831554156383
5101 -3.329831554156383
5103 -3.329831554156383
5147 -3.329831554156383
5149 -3.329831554156383
5153 -3.329831554156383
5160 -3.329831554156383
5171 -3.329831554156383
5177 -3.329831554156383
5179 -3.329831554156383
5182 -3.329831554156383
5196 -3.329831554156383
5201 -3.329831554156383
5240 -3.329831554156383
5257 -3.329831554156383
5260 -3.329831554156383
5261 -3.329831554156383
5263 -3.329831554156383
5266 -3.329831554156383
5268 -3.329831554156383
5290 -3.329831554156383
5296 -3.329831554156383
5306 -3.329831554156383
5309 -3.329831554156383
5329 -3.329831554156383
5331 -3.329831554156383
5339 -3.329831554156383
5343 -3.329831554156383
5346 -3.329831554156383
5349 -3.329831554156383
5412 -3.329831554156383
5424 -3.329831554156383
5449 -3.329831554156383
5452 -3.329831554156383
5455 -3.329831554156383
5485 -3.329831554156383
5491 -3.329831554156383
5504 -3.329831554156383
5508 -3.329831554156383
5513 -3.329831554156383
5516 -3.329831554156383
5547 -3.329831554156383
5562 -3.329831554156383
5615 -3.329831554156383
5620 -3.329831554156383
5624 -3.329831554156383
5642 -3.329831554156383
5645 -3.329831554156383
5650 -3.329831554156383
5676 -3.329831554156383
5679 -3.329831554156383
5705 -3.329831554156383
5706 -3.329831554156383
5740 -3.329831554156383
5747 -3.329831554156383
5750 -3.329831554156383
5759 -3.329831554156383
5763 -3.329831554156383
5771 -3.329831554156383
5778 -3.329831554156383
5782 -3.329831554156383
5786 -3.329831554156383
5791 -3.329831554156383
5813 -3.329831554156383
5824 -3.329831554156383
5827 -3.329831554156383
5832 -3.329831554156383
5840 -3.6638652433251067
5842 -3.6638652433251067
5845 -3.6638652433251067
5855 -3.6638652433251067
5861 -3.6638652433251067
5863 -3.6638652433251067
5897 -3.6638652433251067
5901 -3.6638652433251067
5905 -3.6638652433251067
5908 -3.6638652433251067
5911 -3.6638652433251067
5931 -3.6638652433251067
5936 -3.6638652433251067
5940 -3.6638652433251067
5946 -3.6638652433251067
5961 -3.6638652433251067
5965 -3.6638652433251067
5971 -3.6638652433251067
5976 -3.6638652433251067
5982 -3.6638652433251067
5986 -3.6638652433251067
6005 -3.6638652433251067
6016 -3.6638652433251067
6019 -3.6638652433251067
6037 -3.6638652433251067
6045 -3.6638652433251067
6049 -3.6638652433251067
6053 -3.6638652433251067
6055 -3.6638652433251067
6056 -3.6638652433251067
6058 -3.6638652433251067
6079 -3.6638652433251067
6081 -3.6638652433251067
6099 -3.6638652433251067
6114 -3.6638652433251067
6152 -3.6638652433251067
6182 -3.6638652433251067
6212 -3.9310921946600854
6217 -3.9310921946600854
6220 -3.9310921946600854
6222 -3.9310921946600854
6231 -3.9310921946600854
6263 -3.9310921946600854
6266 -3.9310921946600854
6288 -3.9310921946600854
6297 -3.9310921946600854
6308 -3.9310921946600854
6311 -3.9310921946600854
6314 -3.9310921946600854
6343 -3.9310921946600854
6346 -3.9310921946600854
6350 -3.9310921946600854
6360 -3.9310921946600854
6367 -3.9310921946600854
6370 -3.9310921946600854
6377 -3.9310921946600854
6401 -3.9310921946600854
6405 -3.9310921946600854
6411 -3.9310921946600854
6414 -3.9310921946600854
6420 -3.9310921946600854
6424 -3.9310921946600854
6440 -3.9310921946600854
6443 -3.9310921946600854
6456 -3.9310921946600854
6460 -3.9310921946600854
6489 -3.9310921946600854
6498 -3.9310921946600854
6503 -3.9310921946600854
6505 -3.9310921946600854
6508 -3.9310921946600854
6511 -3.9310921946600854
6529 -3.9310921946600854
6547 -3.9310921946600854
6557 -3.9310921946600854
6584 -3.9310921946600854
6614 -3.9310921946600854
6623 -3.9310921946600854
6627 -3.9310921946600854
6645 -3.9310921946600854
6649 -3.9310921946600854
6673 -3.9310921946600854
6696 -3.9310921946600854
6702 -3.9310921946600854
6739 -4.144873755728069
6742 -4.144873755728069
6763 -4.144873755728069
6766 -4.144873755728069
6775 -4.144873755728069
6778 -4.144873755728069
6782 -4.144873755728069
6799 -4.144873755728069
6815 -4.144873755728069
6828 -4.144873755728069
6846 -4.144873755728069
6850 -4.144873755728069
6853 -4.144873755728069
6856 -4.144873755728069
6860 -4.144873755728069
6862 -4.144873755728069
6863 -4.144873755728069
6866 -4.144873755728069
6870 -4.144873755728069
6873 -4.144873755728069
6893 -4.144873755728069
6898 -4.144873755728069
6908 -4.144873755728069
6913 -4.144873755728069
6932 -4.144873755728069
6948 -4.144873755728069
6950 -4.144873755728069
6952 -4.144873755728069
6955 -4.144873755728069
6958 -4.144873755728069
6959 -4.144873755728069
6965 -4.315899004582455
6970 -4.315899004582455
6991 -4.315899004582455
6996 -4.315899004582455
7005 -4.315899004582455
7026 -4.315899004582455
7034 -4.315899004582455
7063 -4.315899004582455
7072 -4.315899004582455
7075 -4.315899004582455
7122 -4.315899004582455
7124 -4.315899004582455
7144 -4.315899004582455
7153 -4.315899004582455
7158 -4.315899004582455
7162 -4.315899004582455
7185 -4.315899004582455
7188 -4.315899004582455
7207 -4.315899004582455
7247 -4.315899004582455
7269 -4.315899004582455
7280 -4.315899004582455
7284 -4.315899004582455
7287 -4.315899004582455
7302 -4.315899004582455
7305 -4.315899004582455
7308 -4.315899004582455
7317 -4.315899004582455
7343 -4.315899004582455
7346 -4.315899004582455
7347 -4.315899004582455
7354 -4.315899004582455
7363 -4.315899004582455
7381 -4.315899004582455
7383 -4.315899004582455
7395 -4.315899004582455
7399 -4.315899004582455
7407 -4.315899004582455
7424 -4.315899004582455
7429 -4.315899004582455
7432 -4.315899004582455
7436 -4.315899004582455
7449 -4.315899004582455
7457 -4.315899004582455
7461 -4.315899004582455
7463 -4.315899004582455
7486 -4.315899004582455
7505 -4.315899004582455
7509 -4.315899004582455
7513 -4.315899004582455
7526 -4.315899004582455
7548 -4.315899004582455
7552 -4.315899004582455
7565 -4.315899004582455
7608 -4.315899004582455
7613 -4.315899004582455
7616 -4.315899004582455
7643 -4.315899004582455
7672 -4.315899004582455
7685 -4.315899004582455
7687 -4.315899004582455
7692 -4.315899004582455
7695 -4.315899004582455
7704 -4.315899004582455
7720 -4.315899004582455
7723 -4.315899004582455
7731 -4.315899004582455
7737 -4.315899004582455
7739 -4.315899004582455
7765 -4.315899004582455
7773 -4.315899004582455
7776 -4.315899004582455
7787 -4.315899004582455
7810 -4.315899004582455
7813 -4.315899004582455
7820 -4.315899004582455
7824 -4.315899004582455
7831 -4.315899004582455
7836 -4.315899004582455
7844 -4.315899004582455
7871 -4.315899004582455
7880 -4.315899004582455
7899 -4.315899004582455
7934 -4.315899004582455
7942 -4.315899004582455
7949 -4.315899004582455
7956 -4.315899004582455
7962 -4.315899004582455
7964 -4.315899004582455
7968 -4.315899004582455
8018 -4.315899004582455
8021 -4.315899004582455
8033 -4.315899004582455
8037 -4.315899004582455
8062 -4.315899004582455
8072 -4.315899004582455
8074 -4.315899004582455
8081 -4.315899004582455
8086 -4.315899004582455
8093 -4.315899004582455
8119 -4.315899004582455
8122 -4.315899004582455
8125 -4.315899004582455
8147 -4.315899004582455
8149 -4.315899004582455
8171 -4.315899004582455
8181 -4.315899004582455
8193 -4.315899004582455
8197 -4.315899004582455
8207 -4.315899004582455
8220 -4.315899004582455
8223 -4.315899004582455
8238 -4.315899004582455
8248 -4.315899004582455
8250 -4.315899004582455
8259 -4.315899004582455
8263 -4.315899004582455
8279 -4.315899004582455
8292 -4.315899004582455
8300 -4.315899004582455
8308 -4.315899004582455
8321 -4.315899004582455
8325 -4.315899004582455
8340 -4.315899004582455
8343 -4.315899004582455
8346 -4.315899004582455
8351 -4.315899004582455
8372 -4.315899004582455
8374 -4.315899004582455
8376 -4.315899004582455
8383 -4.315899004582455
8389 -4.315899004582455
8419 -4.315899004582455
8428 -4.315899004582455
8430 -4.315899004582455
8434 -4.315899004582455
8438 -4.315899004582455
8461 -4.315899004582455
8464 -4.315899004582455
8467 -4.315899004582455
8491 -4.315899004582455
8498 -4.315899004582455
8503 -4.315899004582455
8511 -4.315899004582455
8523 -4.315899004582455
8531 -4.315899004582455
8588 -4.315899004582455
8592 -4.315899004582455
8613 -4.315899004582455
8629 -4.315899004582455
8632 -4.315899004582455
8644 -4.315899004582455
8646 -4.315899004582455
8684 -4.315899004582455
8688 -4.315899004582455
8703 -4.315899004582455
8707 -4.315899004582455
8714 -4.315899004582455
8718 -4.315899004582455
8720 -4.315899004582455
8729 -4.315899004582455
8737 -4.315899004582455
8747 -4.315899004582455
8753 -4.315899004582455
8757 -4.315899004582455
8774 -4.452719203665964
8777 -4.452719203665964
8780 -4.452719203665964
8792 -4.452719203665964
8801 -4.452719203665964
8816 -4.452719203665964
8824 -4.452719203665964
8832 -4.452719203665964
8842 -4.452719203665964
8851 -4.452719203665964
8873 -4.452719203665964
8895 -4.452719203665964
8899 -4.452719203665964
8906 -4.452719203665964
8910 -4.452719203665964
8926 -4.452719203665964
8931 -4.452719203665964
8935 -4.452719203665964
8953 -4.452719203665964
8967 -4.452719203665964
8971 -4.452719203665964
8982 -4.452719203665964
8996 -4.452719203665964
8999 -4.452719203665964
9003 -4.452719203665964
9023 -4.452719203665964
9026 -4.452719203665964
9033 -4.452719203665964
9050 -4.452719203665964
9058 -4.452719203665964
9080 -4.452719203665964
9115 -4.452719203665964
9130 -4.452719203665964
9132 -4.452719203665964
9157 -4.452719203665964
9173 -4.452719203665964
9183 -4.452719203665964
9195 -4.452719203665964
9201 -4.452719203665964
9233 -4.452719203665964
9244 -4.452719203665964
9247 -4.452719203665964
9262 -4.452719203665964
9268 -4.452719203665964
9281 -4.562175362932772
9304 -4.562175362932772
9315 -4.562175362932772
9318 -4.562175362932772
9335 -4.562175362932772
9340 -4.562175362932772
9351 -4.562175362932772
9355 -4.562175362932772
9360 -4.562175362932772
9366 -4.562175362932772
9384 -4.562175362932772
9386 -4.562175362932772
9390 -4.562175362932772
9400 -4.562175362932772
9421 -4.562175362932772
9424 -4.562175362932772
9427 -4.562175362932772
9467 -4.562175362932772
9474 -4.562175362932772
9491 -4.562175362932772
9495 -4.562175362932772
9501 -4.562175362932772
9505 -4.562175362932772
9508 -4.562175362932772
9511 -4.562175362932772
9514 -4.562175362932772
9542 -4.562175362932772
9565 -4.562175362932772
9587 -4.562175362932772
9591 -4.562175362932772
9593 -4.562175362932772
9596 -4.562175362932772
9599 -4.562175362932772
9634 -4.562175362932772
9637 -4.562175362932772
9671 -4.562175362932772
9688 -4.562175362932772
9705 -4.562175362932772
9724 -4.562175362932772
9726 -4.562175362932772
9730 -4.562175362932772
9734 -4.562175362932772
9751 -4.562175362932772
9754 -4.562175362932772
9769 -4.562175362932772
9778 -4.562175362932772
9782 -4.562175362932772
9802 -4.562175362932772
9805 -4.562175362932772
9825 -4.562175362932772
9853 -4.562175362932772
9864 -4.562175362932772
9912 -4.562175362932772
9926 -4.562175362932772
9939 -4.562175362932772
9942 -4.562175362932772
9971 -4.562175362932772
9973 -4.562175362932772
9976 -4.562175362932772
9980 -4.562175362932772
9997 -4.562175362932772
10026 -4.562175362932772
10028 -4.562175362932772
10042 -4.562175362932772
10050 -4.562175362932772
10052 -4.562175362932772
10058 -4.562175362932772
10074 -4.562175362932772
10090 -4.562175362932772
10110 -4.562175362932772
10114 -4.562175362932772
10116 -4.562175362932772
10119 -4.562175362932772
10151 -4.562175362932772
10154 -4.562175362932772
10167 -4.562175362932772
10176 -4.562175362932772
10188 -4.562175362932772
10202 -4.562175362932772
10206 -4.562175362932772
10237 -4.562175362932772
10240 -4.562175362932772
10242 -4.562175362932772
10261 -4.562175362932772
10265 -4.562175362932772
10287 -4.562175362932772
10290 -4.562175362932772
10310 -4.562175362932772
10313 -4.562175362932772
10342 -4.562175362932772
10345 -4.562175362932772
10371 -4.562175362932772
10388 -4.562175362932772
10391 -4.562175362932772
10407 -4.562175362932772
10410 -4.562175362932772
10424 -4.562175362932772
10440 -4.562175362932772
10444 -4.562175362932772
10447 -4.562175362932772
10451 -4.562175362932772
10455 -4.562175362932772
10459 -4.562175362932772
10463 -4.562175362932772
10466 -4.562175362932772
10470 -4.562175362932772
10489 -4.562175362932772
10493 -4.562175362932772
10500 -4.562175362932772
10524 -4.562175362932772
10527 -4.562175362932772
10542 -4.562175362932772
10545 -4.562175362932772
10569 -4.562175362932772
10574 -4.562175362932772
10576 -4.562175362932772
10605 -4.562175362932772
10608 -4.562175362932772
10612 -4.562175362932772
10619 -4.562175362932772
10639 -4.562175362932772
10655 -4.562175362932772
10658 -4.562175362932772
10662 -4.562175362932772
10678 -4.562175362932772
10684 -4.562175362932772
10689 -4.562175362932772
10706 -4.562175362932772
10711 -4.562175362932772
10723 -4.562175362932772
10732 -4.562175362932772
10735 -4.562175362932772
10738 -4.562175362932772
10748 -4.562175362932772
10759 -4.562175362932772
10764 -4.562175362932772
10788 -4.562175362932772
10816 -4.562175362932772
10826 -4.562175362932772
10835 -4.562175362932772
10842 -4.562175362932772
10849 -4.562175362932772
10875 -4.649740290346218
10886 -4.649740290346218
10908 -4.649740290346218
10920 -4.649740290346218
10924 -4.649740290346218
10928 -4.649740290346218
10945 -4.649740290346218
10948 -4.649740290346218
10957 -4.649740290346218
10964 -4.649740290346218
10995 -4.649740290346218
10998 -4.649740290346218
11000 -4.649740290346218
11002 -4.649740290346218
11018 -4.649740290346218
11030 -4.649740290346218
11041 -4.649740290346218
11059 -4.649740290346218
11070 -4.649740290346218
11073 -4.649740290346218
11075 -4.649740290346218
11077 -4.649740290346218
11082 -4.649740290346218
11086 -4.649740290346218
11088 -4.649740290346218
11108 -4.649740290346218
11113 -4.649740290346218
11121 -4.649740290346218
11128 -4.649740290346218
11144 -4.649740290346218
11156 -4.649740290346218
11159 -4.649740290346218
11166 -4.649740290346218
11171 -4.649740290346218
11173 -4.649740290346218
11200 -4.649740290346218
11204 -4.649740290346218
11216 -4.649740290346218
11219 -4.649740290346218
11222 -4.649740290346218
11227 -4.649740290346218
11231 -4.649740290346218
11256 -4.649740290346218
11259 -4.649740290346218
11262 -4.649740290346218
11283 -4.649740290346218
11286 -4.649740290346218
11290 -4.649740290346218
11292 -4.649740290346218
11297 -4.649740290346218
11301 -4.649740290346218
11326 -4.649740290346218
11337 -4.649740290346218
11351 -4.649740290346218
11371 -4.649740290346218
11377 -4.649740290346218
11380 -4.649740290346218
11384 -4.649740290346218
11387 -4.649740290346218
11391 -4.649740290346218
11417 -4.649740290346218
11419 -4.649740290346218
11433 -4.649740290346218
11446 -4.649740290346218
11458 -4.649740290346218
11469 -4.649740290346218
11471 -4.649740290346218
11476 -4.649740290346218
11495 -4.649740290346218
11498 -4.649740290346218
11507 -4.649740290346218
11526 -4.649740290346218
11540 -4.649740290346218
11572 -4.649740290346218
11577 -4.649740290346218
11618 -4.649740290346218
11647 -4.649740290346218
11650 -4.649740290346218
11653 -4.649740290346218
11689 -4.649740290346218
11691 -4.649740290346218
11694 -4.649740290346218
11715 -4.649740290346218
11717 -4.649740290346218
11733 -4.649740290346218
11735 -4.649740290346218
11738 -4.649740290346218
11748 -4.649740290346218
11751 -4.649740290346218
11755 -4.649740290346218
11759 -4.649740290346218
11763 -4.649740290346218
11795 -4.649740290346218
11808 -4.649740290346218
11812 -4.649740290346218
11824 -4.649740290346218
11829 -4.649740290346218
11845 -4.649740290346218
11849 -4.649740290346218
11854 -4.649740290346218
11870 -4.649740290346218
11885 -4.649740290346218
11904 -4.649740290346218
11907 -4.649740290346218
11911 -4.649740290346218
11916 -4.649740290346218
11937 -4.649740290346218
11953 -4.649740290346218
11956 -4.649740290346218
11971 -4.649740290346218
11974 -4.649740290346218
11987 -4.649740290346218
11990 -4.649740290346218
11994 -4.649740290346218
12001 -4.649740290346218
12004 -4.649740290346218
12022 -4.649740290346218
12025 -4.649740290346218
12028 -4.649740290346218
12031 -4.649740290346218
12036 -4.649740290346218
12041 -4.649740290346218
12044 -4.649740290346218
12068 -4.649740290346218
12070 -4.649740290346218
12086 -4.649740290346218
12088 -4.649740290346218
12091 -4.649740290346218
12095 -4.649740290346218
12097 -4.649740290346218
12100 -4.649740290346218
12121 -4.649740290346218
12126 -4.649740290346218
12136 -4.649740290346218
12148 -4.649740290346218
12158 -4.649740290346218
12160 -4.649740290346218
12173 -4.649740290346218
12193 -4.649740290346218
12241 -4.649740290346218
12251 -4.649740290346218
12255 -4.649740290346218
12265 -4.649740290346218
12272 -4.649740290346218
12275 -4.649740290346218
12285 -4.649740290346218
12288 -4.649740290346218
12290 -4.649740290346218
12303 -4.649740290346218
12309 -4.649740290346218
12315 -4.649740290346218
12318 -4.649740290346218
12321 -4.649740290346218
12349 -4.649740290346218
12352 -4.649740290346218
12367 -4.649740290346218
12371 -4.649740290346218
12393 -4.649740290346218
12416 -4.649740290346218
12419 -4.649740290346218
12422 -4.649740290346218
12434 -4.649740290346218
12477 -4.649740290346218
12491 -4.649740290346218
12504 -4.649740290346218
12508 -4.649740290346218
12522 -4.649740290346218
12526 -4.649740290346218
12529 -4.649740290346218
12540 -4.649740290346218
12542 -4.649740290346218
12545 -4.649740290346218
12549 -4.649740290346218
12574 -4.649740290346218
12608 -4.649740290346218
12613 -4.649740290346218
12614 -4.649740290346218
12634 -4.649740290346218
12643 -4.649740290346218
12658 -4.649740290346218
12660 -4.649740290346218
12663 -4.649740290346218
12677 -4.649740290346218
12698 -4.649740290346218
12706 -4.649740290346218
12709 -4.649740290346218
12714 -4.649740290346218
12716 -4.649740290346218
12720 -4.649740290346218
12731 -4.649740290346218
12766 -4.649740290346218
12791 -4.649740290346218
12810 -4.649740290346218
12820 -4.649740290346218
12837 -4.649740290346218
12841 -4.649740290346218
12844 -4.649740290346218
12856 -4.649740290346218
12862 -4.649740290346218
12866 -4.649740290346218
12868 -4.649740290346218
12889 -4.649740290346218
12892 -4.649740290346218
12908 -4.649740290346218
12933 -4.649740290346218
12935 -4.649740290346218
12940 -4.649740290346218
12946 -4.649740290346218
12967 -4.649740290346218
12970 -4.649740290346218
12974 -4.649740290346218
13001 -4.649740290346218
13004 -4.649740290346218
13011 -4.649740290346218
13016 -4.649740290346218
13030 -4.649740290346218
13055 -4.649740290346218
13057 -4.649740290346218
13059 -4.649740290346218
13068 -4.649740290346218
13072 -4.649740290346218
13075 -4.649740290346218
13077 -4.649740290346218
13084 -4.649740290346218
13089 -4.649740290346218
13153 -4.649740290346218
13157 -4.649740290346218
13166 -4.649740290346218
13170 -4.649740290346218
13173 -4.649740290346218
13188 -4.649740290346218
13192 -4.649740290346218
13195 -4.649740290346218
13198 -4.649740290346218
13202 -4.649740290346218
13238 -4.649740290346218
13242 -4.649740290346218
13246 -4.649740290346218
13275 -4.649740290346218
13284 -4.649740290346218
13292 -4.649740290346218
13304 -4.649740290346218
13307 -4.649740290346218
13342 -4.649740290346218
13363 -4.649740290346218
13366 -4.649740290346218
13369 -4.649740290346218
13373 -4.649740290346218
13379 -4.649740290346218
13382 -4.649740290346218
13409 -4.649740290346218
13411 -4.649740290346218
13423 -4.649740290346218
13425 -4.649740290346218
13447 -4.649740290346218
13455 -4.649740290346218
13459 -4.649740290346218
13462 -4.649740290346218
13465 -4.649740290346218
13469 -4.649740290346218
13487 -4.649740290346218
13508 -4.649740290346218
13526 -4.649740290346218
13528 -4.649740290346218
13537 -4.649740290346218
13553 -4.649740290346218
13556 -4.649740290346218
13567 -4.649740290346218
13570 -4.649740290346218
13580 -4.649740290346218
13596 -4.649740290346218
13600 -4.649740290346218
13603 -4.649740290346218
13606 -4.649740290346218
13609 -4.649740290346218
13611 -4.649740290346218
13614 -4.649740290346218
13639 -4.649740290346218
13641 -4.649740290346218
13664 -4.649740290346218
13667 -4.649740290346218
13670 -4.649740290346218
13684 -4.649740290346218
13687 -4.649740290346218
13714 -4.649740290346218
13718 -4.649740290346218
13720 -4.649740290346218
13725 -4.649740290346218
13733 -4.649740290346218
13736 -4.649740290346218
13763 -4.649740290346218
13781 -4.649740290346218
13785 -4.649740290346218
13789 -4.649740290346218
13794 -4.649740290346218
13819 -4.649740290346218
13821 -4.649740290346218
13835 -4.649740290346218
13848 -4.649740290346218
13851 -4.649740290346218
13857 -4.649740290346218
13893 -4.649740290346218
13898 -4.649740290346218
13902 -4.649740290346218
13915 -4.649740290346218
13917 -4.649740290346218
13937 -4.649740290346218
13941 -4.649740290346218
13944 -4.649740290346218
13949 -4.649740290346218
13956 -4.649740290346218
13961 -4.649740290346218
13964 -4.649740290346218
13973 -4.649740290346218
13977 -4.649740290346218
13980 -4.649740290346218
13982 -4.649740290346218
13998 -4.649740290346218
14018 -4.649740290346218
14042 -4.649740290346218
14046 -4.649740290346218
14056 -4.649740290346218
14066 -4.649740290346218
14073 -4.649740290346218
14081 -4.649740290346218
14084 -4.649740290346218
14112 -4.7197922322769745
14122 -4.7197922322769745
14125 -4.7197922322769745
14179 -4.7197922322769745
14181 -4.7197922322769745
14190 -4.7197922322769745
14203 -4.7197922322769745
14212 -4.7197922322769745
14216 -4.7197922322769745
14217 -4.7197922322769745
14220 -4.7197922322769745
14239 -4.7197922322769745
14263 -4.7197922322769745
14265 -4.7197922322769745
14279 -4.7197922322769745
14290 -4.7197922322769745
14294 -4.7197922322769745
14312 -4.7197922322769745
14315 -4.7197922322769745
14318 -4.7197922322769745
14347 -4.7197922322769745
14350 -4.7197922322769745
14355 -4.7197922322769745
14361 -4.7197922322769745
14365 -4.7197922322769745
14394 -4.7197922322769745
14397 -4.7197922322769745
14401 -4.7197922322769745
14404 -4.7197922322769745
14411 -4.7197922322769745
14419 -4.7197922322769745
14441 -4.7197922322769745
14444 -4.7197922322769745
14448 -4.7197922322769745
14476 -4.7197922322769745
14487 -4.7197922322769745
14490 -4.7197922322769745
14507 -4.7197922322769745
14521 -4.7197922322769745
14524 -4.7197922322769745
14527 -4.7197922322769745
14572 -4.7197922322769745
14574 -4.7197922322769745
14578 -4.7197922322769745
14581 -4.7197922322769745
14590 -4.7197922322769745
14595 -4.7197922322769745
14600 -4.7197922322769745
14602 -4.7197922322769745
14615 -4.7197922322769745
14617 -4.7197922322769745
14623 -4.7197922322769745
14627 -4.7197922322769745
14653 -4.7197922322769745
14665 -4.7197922322769745
14678 -4.7197922322769745
14682 -4.7197922322769745
14685 -4.7197922322769745
14689 -4.7197922322769745
14705 -4.7197922322769745
14731 -4.7197922322769745
14733 -4.7197922322769745
14736 -4.7197922322769745
14739 -4.7197922322769745
14753 -4.7197922322769745
14773 -4.7197922322769745
14785 -4.7197922322769745
14792 -4.7197922322769745
14806 -4.7197922322769745
14809 -4.7197922322769745
14836 -4.7197922322769745
14838 -4.7197922322769745
14842 -4.7197922322769745
14845 -4.7197922322769745
14863 -4.7197922322769745
14877 -4.7197922322769745
14881 -4.7197922322769745
14886 -4.7197922322769745
14890 -4.7197922322769745
14898 -4.7197922322769745
14907 -4.7197922322769745
14913 -4.7197922322769745
14930 -4.7197922322769745
14941 -4.7197922322769745
14945 -4.7197922322769745
14948 -4.7197922322769745
14956 -4.7197922322769745
14961 -4.7197922322769745
14963 -4.7197922322769745
14969 -4.7197922322769745
15002 -4.7197922322769745
15004 -4.71